GCR Energy Spectrum (2012.80595399 1)
Energy (MeV)      	Differential Intensity (m⁻² s⁻¹ sr⁻¹ MeV⁻¹)
3.0000000000000004	0.018347988665187942
3.3000000000000007	0.02014383453058802
3.6300000000000012	0.02211342114214209
3.993000000000002 	0.024273135642192786
4.392300000000002 	0.026640822906347634
4.831530000000003 	0.02923589663850721
5.314683000000005 	0.032079454841045324
5.846151300000006 	0.035194398804491434
6.430766430000007 	0.03860555443638442
7.073843073000009 	0.042339794351034285
7.781227380300009 	0.04642615865764159
8.55935011833001  	0.05089597179876791
9.41528513016301  	0.05578295208794889
10.35681364317931 	0.061123309756031086
11.392495007497239	0.06695582832077862
12.531744508246963	0.07332192292242348
13.784918959071657	0.08026566789747885
15.163410854978821	0.08783378427284665
16.679751940476702	0.0960755760321078
18.34772713452437 	0.1050428019191667
20.182499847976807	0.1147894671901175
22.200749832774484	0.12537151710007438
24.42082481605193 	0.1368464110284674
26.86290729765712 	0.14927255303266104
29.54919802742283 	0.16270855132875547
32.50411783016511 	0.17726494417597055
35.75452961318162 	0.19302829537532082
39.32998257449977 	0.21000549460297066
43.26298083194975 	0.228252033880417
47.58927891514472 	0.2478176602542157
52.348206806659185	0.2687441041891813
57.583027487325104	0.29106239952285634
63.34133023605761 	0.31478975757850447
69.67546325966336 	0.3399259630637289
76.64300958562968 	0.3664492675896415
84.30731054419265 	0.3943117686872707
92.7380415986119  	0.4234342787015841
102.01184575847309	0.45370070943902646
112.21303033432038	0.4849520252717903
123.43433336775242	0.5169798495983424
135.77776670452764	0.5495198467314436
149.35554337498039	0.5822450424744621
164.2910977124784 	0.6147592902113768
180.72020748372623	0.6484038627825736
198.79222823209884	0.6819272799434031
218.67145105530872	0.7142449062348886
240.53859616083955	0.7447314926949482
264.5924557769235 	0.7726810066653349
291.05170135461583	0.7973069333518693
320.1568714900774 	0.8177446532279765
352.1725586390851 	0.8360631457145248
387.38981450299354	0.8526372592411501
426.12879595329287	0.863442560326751
468.7416755486221 	0.867522140031779
515.6158431034843 	0.8638897960979935
567.1774274138327 	0.8573292653588472
623.8951701552159 	0.8480558319401371
686.2846871707374 	0.830128690160597
754.9131558878111 	0.802731116344336
830.4044714765921 	0.7745056987840844
913.4449186242512 	0.7436461497832354
1004.7894104866762	0.7035223761243068
1105.2683515353438	0.6583674568522372
1215.795186688878 	0.6184777037346112
1337.3747053577656	0.5703902950776465
1471.1121758935421	0.5195286818186012
1618.2233934828962	0.47587860232353285
1780.0457328311857	0.42562985284341565
1958.050306114304 	0.37985198411430243
2153.855336725734 	0.3375436982448862
2369.2408703983074	0.29066100289804525
2606.164957438138 	0.25681773072354147
2866.7814531819513	0.21959999105850092
3153.459598500146 	0.1880894690154162
3468.8055583501637	0.1600360330619501
3815.686114185183 	0.13321270320812817
4197.254725603705 	0.11291532023327491
4616.9801981640785	0.09176320736882222
5078.67821798049  	0.07758179846952493
5586.546039778545 	0.06258380102063697
6145.200643756403 	0.0522495117062372
6759.720708132049 	0.04213346769115883
7435.69277894526  	0.034723183159125696
8179.262056839792 	0.028026579509077647
8997.18826252378  	0.022908291253625816
9896.907088776165 	0.018521483885713005
10886.59779765379 	0.015071672668240818
11975.25757741918 	0.012204345463525113
13172.783335161108	0.009905622774566305
14490.06166867723 	0.0080165665831883
15939.067835544965	0.0064627551178268764
17532.974619099474	0.005161679502605531
19286.27208100944 	0.00410272982593793
21214.8992891104  	0.0032212412649851854
23336.389218021457	0.002528862597253989
25670.028139823626	0.0019634818411280296
28237.03095380601 	0.0015323183884175513
31060.734049186634	0.0011795602606030759
34166.80745410533 	0.0009185928900932143
37583.48819951589 	0.0007021086691765468
41341.83701946751 	0.0005470480660465443
45476.020721414294	0.00041546754773453604
50023.62279355577 	0.0003244465159061763
55025.98507291139 	0.00024489982469269204
60528.583580202576	0.0001919108720297682
66581.44193822288 	0.00014395900595656327
73239.58613204522 	0.00011330025609772495
80563.54474524982 	0.00008443915716376658
88619.89921977487 	0.00006679054660887515
97481.88914175243 	0.00004971747377131874
107230.07805592776	0.00003932153810303283
117953.08586152064	0.000029371155955030032
129748.3944476728 	0.00002312169604513191
142723.23389244018	0.00001733624064895156
156995.55728168433	0.000013581208918394495
172695.1130098529 	0.000010224782587276582
189964.62431083835	0.000007969260289655724
208961.08674192237	0.0000060261477082259965
229857.19541611476	0.000004671737990954579
252842.91495772646	0.0000035492538985082095
278127.2064534993 	0.000002736132390295618
305939.9270988495 	0.0000020891190258162813
336533.91980873473	0.0000016010482867193235
370187.3117896085 	0.000001228948378877718
407206.0429685697 	9.360362692017734e-7
447926.647265427  	7.225476159479857e-7
492719.31199197005	5.46775060058591e-7
541991.2431911675 	4.245956772690161e-7
596190.3675102848 	3.191280113471124e-7
655809.4042613137 	2.493862351510217e-7
721390.3446874457 	1.8609861035726293e-7
793529.3791561909 	1.4640072848344078e-7
872882.3170718106 	1.086777690256457e-7
960170.5487789925 	8.58974223632117e-8
1056187.6036568927	6.404174048924039e-8
1161806.3640225828	5.0370663443440796e-8
1277987.0004248421	3.7725267019702725e-8
1405785.7004673274	2.9520571809675485e-8
1546364.2705140612	2.2214459081284845e-8
1701000.6975654687	1.7290557847217213e-8
1871100.767322017 	1.3075982222934157e-8
2058210.8440542205	1.0120988649846698e-8
2264031.9284596443	7.693862840371425e-9
2490435.121305611 	5.9204832762316835e-9
2739478.633436174 	4.5252664140904656e-9
3013426.496779794 	3.4609975479170467e-9
3314769.146457776 	2.6605410259081818e-9
3646246.0611035563	2.0218289337624408e-9
4010870.6672139154	1.5635883009304333e-9
4411957.7339353105	1.1802778633799307e-9
4853153.507328846 	9.185470113937131e-10
5338468.858061734 	6.884812928438066e-10
5872315.743867912 	5.39367444463248e-10
6459547.318254708 	4.0127504339415564e-10
7105502.050080185 	3.1656220031051607e-10
7816052.255088209 	2.3545355424627816e-10
8597657.480597038 	1.8569783309350356e-10
9457423.228656748 	1.38738710908244e-10
10403165.551522432	1.0887118560603629e-10
11443482.106674684	8.172068483901079e-11
12587830.317342162	6.379201917465544e-11
13846613.34907639 	4.8117687481937093e-11
15231274.683984041	3.735574833462985e-11
16754402.152382458	2.832127574198679e-11
18429842.367620718	2.1861373515238868e-11
20272826.604382806	1.6663036700098992e-11
22300109.264821105	1.2785408262971532e-11
24530120.191303235	9.79991596414669e-12
26983132.21043358 	7.472318181761855e-12
29681445.43147696 	5.761233473107687e-12
32649589.974624686	4.364107741280344e-12
35914548.97208718 	3.3856186706243146e-12
39506003.86929593 	2.5469662688326208e-12
43456604.256225556	1.9887378742647837e-12
47802264.68184815 	1.4852628816226375e-12
52582491.15003301 	1.167649571532571e-12
57840740.26503636 	8.66687180224973e-13
63624814.29154004 	6.852196106421187e-13
69987295.72069411 	5.108410294707544e-13
76986025.29276358 	4.018924575015802e-13
84684627.82204    	3.0099052419337007e-13
93153090.60424407 	2.3558193380409563e-13