GCR Energy Spectrum (2013.47933788 1)
Energy (MeV)      	Differential Intensity (m⁻² s⁻¹ sr⁻¹ MeV⁻¹)
3.0000000000000004	0.016639876245744603
3.3000000000000007	0.018268304562970333
3.6300000000000012	0.020054280415385147
3.993000000000002 	0.022012669422206595
4.392300000000002 	0.02415966127292115
4.831530000000003 	0.026512871038964558
5.314683000000005 	0.029091444575421996
5.846151300000006 	0.03191616725923425
6.430766430000007 	0.035009575019117986
7.073843073000009 	0.03839606625483566
7.781227380300009 	0.04210214036839615
8.55935011833001  	0.046165480688291634
9.41528513016301  	0.050609966435691475
10.35681364317931 	0.05546907378441419
11.392495007497239	0.06077874419730859
12.531744508246963	0.06657746299932377
13.784918959071657	0.072906314753718
15.163410854978821	0.07980900776652461
16.679751940476702	0.08733185848602928
18.34772713452437 	0.09552372477741046
20.182499847976807	0.10443587502456983
22.200749832774484	0.11412177773468359
24.42082481605193 	0.12463679379904395
26.86290729765712 	0.13603775081309794
29.54919802742283 	0.14838237591510994
32.50411783016511 	0.16172856052775794
35.75452961318162 	0.17613342727408496
39.32998257449977 	0.19165216632342164
43.26298083194975 	0.2083366056889792
47.58927891514472 	0.22623347779072933
52.348206806659185	0.24538234322642133
57.583027487325104	0.2658131325456202
63.34133023605761 	0.2875432683586475
69.67546325966336 	0.310574333869688
76.64300958562968 	0.33488826049748616
84.30731054419265 	0.36044301727072725
92.7380415986119  	0.3871677987873558
102.01184575847309	0.41495772727394387
112.21303033432038	0.4436681080964323
123.43433336775242	0.47310830713772456
135.77776670452764	0.5030353525897755
149.35554337498039	0.5341498205907104
164.2910977124784 	0.5660720606783315
180.72020748372623	0.5978516819904423
198.79222823209884	0.6290515770889217
218.67145105530872	0.659161290167834
240.53859616083955	0.6875935118895116
264.5924557769235 	0.7136819036870746
291.05170135461583	0.7366805561827663
320.1568714900774 	0.7577086049059593
352.1725586390851 	0.7780653043840408
387.38981450299354	0.7938737014444106
426.12879595329287	0.8042483518591584
468.7416755486221 	0.8082581332135932
515.6158431034843 	0.8055698385473761
567.1774274138327 	0.8045784787180894
623.8951701552159 	0.7961216085018378
686.2846871707374 	0.7793590729611283
754.9131558878111 	0.7534681996493096
830.4044714765921 	0.732335598978371
913.4449186242512 	0.7031693562795404
1004.7894104866762	0.6649829552151623
1105.2683515353438	0.6267336773114732
1215.795186688878 	0.588681539381008
1337.3747053577656	0.5425680145751096
1471.1121758935421	0.497624596102285
1618.2233934828962	0.4556390914579428
1780.0457328311857	0.4071037718042304
1958.050306114304 	0.36583483152122254
2153.855336725734 	0.3248409916704234
2369.2408703983074	0.28140058555283676
2606.164957438138 	0.24850367485108693
2866.7814531819513	0.2122128018153462
3153.459598500146 	0.18287792154139482
3468.8055583501637	0.1554451698633961
3815.686114185183 	0.13006985341972413
4197.254725603705 	0.11016821453065072
4616.9801981640785	0.08992916854398025
5078.67821798049  	0.0759897347724449
5586.546039778545 	0.06121769257731103
6145.200643756403 	0.051349672668503446
6759.720708132049 	0.0413658828958498
7435.69277894526  	0.034223463363380766
8179.262056839792 	0.027602440501070587
8997.18826252378  	0.022633612969458233
9896.907088776165 	0.018289338266029312
10886.59779765379 	0.01492125150280235
11975.25757741918 	0.012077683712189296
13172.783335161108	0.009823048657532255
14490.06166867723 	0.007947282339975938
15939.067835544965	0.006416583077900381
17532.974619099474	0.005123152616561098
19286.27208100944 	0.004077471885993549
21214.8992891104  	0.003200286082741136
23336.389218021457	0.0025156322271681995
25670.028139823626	0.001952551469445175
28237.03095380601 	0.0015255481252003519
31060.734049186634	0.001173985963486585
34166.80745410533 	0.0009151780266630647
37583.48819951589 	0.0006993050215776478
41341.83701946751 	0.0005453406146362184
45476.020721414294	0.0004140691366974646
50023.62279355577 	0.00032359719998969295
55025.98507291139 	0.00024420574092729006
60528.583580202576	0.0001914897098872071
66581.44193822288 	0.0001436155018608689
73239.58613204522 	0.00011309181387120436
80563.54474524982 	0.0000842694622622061
88619.89921977487 	0.00006668751859446184
97481.88914175243 	0.00004965554971797051
107230.07805592776	0.00003927066105517453
117953.08586152064	0.000029340560985419546
129748.3944476728 	0.000023096594752888503
142723.23389244018	0.000017321136175363245
156995.55728168433	0.000013568833452587544
172695.1130098529 	0.000010217330126854419
189964.62431083835	0.000007963162324136683
208961.08674192237	0.000006022472687006414
229857.19541611476	0.0000046687347517933305
252842.91495772646	0.000003547442443547134
278127.2064534993 	0.0000027346539170401335
305939.9270988495 	0.000002088226477388111
336533.91980873473	0.0000016003207059018724
370187.3117896085 	0.0000012285087443896622
407206.0429685697 	9.356783292671398e-7
447926.647265427  	7.223311241872024e-7
492719.31199197005	5.465990120411741e-7
541991.2431911675 	4.244890934108418e-7
596190.3675102848 	3.190414440071878e-7
655809.4042613137 	2.493337668406552e-7
721390.3446874457 	1.860560476598919e-7
793529.3791561909 	1.4637490312190197e-7
872882.3170718106 	1.0866225606219983e-7
960170.5487789925 	8.588471256333891e-8
1056187.6036568927	6.403409904032693e-8
1161806.3640225828	5.036440918276233e-8
1277987.0004248421	3.7721503269235526e-8
1405785.7004673274	2.9517494489584432e-8
1546364.2705140612	2.2212605498146828e-8
1701000.6975654687	1.7289043898849447e-8
1871100.767322017 	1.307506945469216e-8
2058210.8440542205	1.0120243916039663e-8
2264031.9284596443	7.693413405574262e-9
2490435.121305611 	5.920116971318662e-9
2739478.633436174 	4.525045136903189e-9
3013426.496779794 	3.460817394961712e-9
3314769.146457776 	2.6604320897869858e-9
3646246.0611035563	2.021740341015808e-9
4010870.6672139154	1.5635346757210237e-9
4411957.7339353105	1.1802343011495983e-9
4853153.507328846 	9.185206136265926e-10
5338468.858061734 	6.88459873161578e-10
5872315.743867912 	5.393544505936855e-10
6459547.318254708 	4.0126451214719476e-10
7105502.050080185 	3.165558046659672e-10
7816052.255088209 	2.3544970946405655e-10
8597657.480597038 	1.8569468537680687e-10
9457423.228656748 	1.3873681696322812e-10
10403165.551522432	1.0886963656675366e-10
11443482.106674684	8.171975196775111e-11
12587830.317342162	6.379125695429388e-11
13846613.34907639 	4.8117228034171846e-11
15231274.683984041	3.735537331751815e-11
16754402.152382458	2.8321049480288106e-11
18429842.367620718	2.186118902459455e-11
20272826.604382806	1.6662925282333796e-11
22300109.264821105	1.2785317510665058e-11
24530120.191303235	9.799861103083988e-12
26983132.21043358 	7.472273544367643e-12
29681445.43147696 	5.7612064625616195e-12
32649589.974624686	4.3640857883930055e-12
35914548.97208718 	3.385605372664464e-12
39506003.86929593 	2.5469554729577954e-12
43456604.256225556	1.988731327389324e-12
47802264.68184815 	1.4852575726535884e-12
52582491.15003301 	1.1676463486228488e-12
57840740.26503636 	8.666852432740029e-13
63624814.29154004 	6.852180241460827e-13
69987295.72069411 	5.108400751654011e-13
76986025.29276358 	4.0189167662067277e-13
84684627.82204    	3.0099005406694626e-13
93153090.60424407 	2.3558154949425734e-13