GCR Energy Spectrum (2010.86569633 1)
Energy (MeV)      	Differential Intensity (m⁻² s⁻¹ sr⁻¹ MeV⁻¹)
3.0000000000000004	0.03643381129121004
3.3000000000000007	0.0399969336303713
3.6300000000000012	0.04390363981374664
3.993000000000002 	0.04818604980675819
4.392300000000002 	0.0528790759759096
4.831530000000003 	0.05802062143105196
5.314683000000005 	0.06365178260292487
5.846151300000006 	0.06981705354780589
6.430766430000007 	0.07656452870151005
7.073843073000009 	0.08394609987785387
7.781227380300009 	0.09201764219758221
8.55935011833001  	0.10083918231623137
9.41528513016301  	0.11047504076553744
10.35681364317931 	0.12099393840419553
11.392495007497239	0.13246905486195323
12.531744508246963	0.14497802443041127
13.784918959071657	0.1586028520835626
15.163410854978821	0.17342972918813815
16.679751940476702	0.18954872498796874
18.34772713452437 	0.20705332613560556
20.182499847976807	0.22603979244141237
22.200749832774484	0.24660629269204035
24.42082481605193 	0.268851779977372
26.86290729765712 	0.29287456163402337
29.54919802742283 	0.3187705149090451
32.50411783016511 	0.3466308960959793
35.75452961318162 	0.3765396886176693
39.32998257449977 	0.4085704348516484
43.26298083194975 	0.4427824980504685
47.58927891514472 	0.47921670524517906
52.348206806659185	0.5178903303738848
57.583027487325104	0.5587913899512725
63.34133023605761 	0.6018722423033233
69.67546325966336 	0.6470425065812516
76.64300958562968 	0.694161350111216
84.30731054419265 	0.7430292324860172
92.7380415986119  	0.7939278178364467
102.01184575847309	0.8465804393161085
112.21303033432038	0.9002279875652235
123.43433336775242	0.9543967916702444
135.77776670452764	1.0085174084751258
149.35554337498039	1.061918118151057
164.2910977124784 	1.1138198986117573
180.72020748372623	1.1633333364270182
198.79222823209884	1.2094579282735545
218.67145105530872	1.25454742425164
240.53859616083955	1.2962974013346535
264.5924557769235 	1.33218558763258
291.05170135461583	1.3609523098982743
320.1568714900774 	1.3812739534008607
352.1725586390851 	1.3937784496393189
387.38981450299354	1.4043865716869528
426.12879595329287	1.4043122429463033
468.7416755486221 	1.3923179459039683
515.6158431034843 	1.3672267802590727
567.1774274138327 	1.3444979344605037
623.8951701552159 	1.3088391139442426
686.2846871707374 	1.2593794762327306
754.9131558878111 	1.206017460106605
830.4044714765921 	1.1500195017435124
913.4449186242512 	1.080916011645539
1004.7894104866762	1.0090008667339656
1105.2683515353438	0.9396876935081515
1215.795186688878 	0.8590712822332819
1337.3747053577656	0.7843272321270903
1471.1121758935421	0.7103270800734038
1618.2233934828962	0.6282990242045711
1780.0457328311857	0.5641878396104374
1958.050306114304 	0.4934624502142022
2153.855336725734 	0.4307816391499929
2369.2408703983074	0.3735050436038352
2606.164957438138 	0.3168078020299383
2866.7814531819513	0.27261522851634806
3153.459598500146 	0.22541703391600795
3468.8055583501637	0.19249507568520105
3815.686114185183 	0.1579609847591705
4197.254725603705 	0.1320815406741559
4616.9801981640785	0.10775863666208482
5078.67821798049  	0.08855940585441979
5586.546039778545 	0.07197056041672334
6145.200643756403 	0.05839029820400322
6759.720708132049 	0.04735560855286349
7435.69277894526  	0.0381028801317524
8179.262056839792 	0.030887383184154328
8997.18826252378  	0.02475160517907631
9896.907088776165 	0.020075714293301943
10886.59779765379 	0.016074417570240765
11975.25757741918 	0.013046989955044138
13172.783335161108	0.01045297951650151
14490.06166867723 	0.008475028454885559
15939.067835544965	0.006767393920355
17532.974619099474	0.005415502197662196
19286.27208100944 	0.004268724151373689
21214.8992891104  	0.0033587882707597073
23336.389218021457	0.002615516464087106
25670.028139823626	0.0020349975734684465
28237.03095380601 	0.001576532616725644
31060.734049186634	0.0012159325067114572
34166.80745410533 	0.0009408395496626625
37583.48819951589 	0.0007203602268896481
41341.83701946751 	0.0005581485876657312
45476.020721414294	0.00042455342570864324
50023.62279355577 	0.0003299585546825318
55025.98507291139 	0.00024940213840710134
60528.583580202576	0.000194640245430042
66581.44193822288 	0.00014618417650753832
73239.58613204522 	0.00011464944734994126
80563.54474524982 	0.00008553716469668353
88619.89921977487 	0.00006745674628055325
97481.88914175243 	0.00005011766177134798
107230.07805592776	0.0000396502423415756
117953.08586152064	0.00002956872974072254
129748.3944476728 	0.000023283755682983095
142723.23389244018	0.000017433720307558988
156995.55728168433	0.000013661061093805028
172695.1130098529 	0.000010272853537170065
189964.62431083835	0.000008008588046030344
208961.08674192237	0.000006049842639038347
229857.19541611476	0.000004691099029065366
252842.91495772646	0.0000035609291789912325
278127.2064534993 	0.0000027456604899188317
305939.9270988495 	0.0000020948700088520377
336533.91980873473	0.0000016057359108124443
370187.3117896085 	0.000001231780386837763
407206.0429685697 	9.383418529426681e-7
447926.647265427  	7.239419111245038e-7
492719.31199197005	5.479088122425703e-7
541991.2431911675 	4.2528200345490483e-7
596190.3675102848 	3.19685417155136e-7
655809.4042613137 	2.497240467686446e-7
721390.3446874457 	1.8637263445829447e-7
793529.3791561909 	1.4656698272762193e-7
872882.3170718106 	1.0877762930951021e-7
960170.5487789925 	8.597923540834137e-8
1056187.6036568927	6.409092586384072e-8
1161806.3640225828	5.041091888104797e-8
1277987.0004248421	3.774949123722536e-8
1405785.7004673274	2.954037759029354e-8
1546364.2705140612	2.2226388382422867e-8
1701000.6975654687	1.730030114659996e-8
1871100.767322017 	1.3081856330221677e-8
2058210.8440542205	1.012578130158953e-8
2264031.9284596443	7.696755052485563e-9
2490435.121305611 	5.922840499906299e-9
2739478.633436174 	4.526690332908483e-9
3013426.496779794 	3.462156820417688e-9
3314769.146457776 	2.661242010003301e-9
3646246.0611035563	2.0223990071447126e-9
4010870.6672139154	1.5639333612538708e-9
4411957.7339353105	1.18055816984769e-9
4853153.507328846 	9.18716868893103e-10
5338468.858061734 	6.886191178680716e-10
5872315.743867912 	5.394510526855785e-10
6459547.318254708 	4.013428057107405e-10
7105502.050080185 	3.166033521220965e-10
7816052.255088209 	2.354782927340708e-10
8597657.480597038 	1.857180863761973e-10
9457423.228656748 	1.3875089700041008e-10
10403165.551522432	1.0888115246220744e-10
11443482.106674684	8.172668710488245e-11
12587830.317342162	6.379692342875248e-11
13846613.34907639 	4.8120643633460924e-11
15231274.683984041	3.7358161242433544e-11
16754402.152382458	2.8322731533316866e-11
18429842.367620718	2.1862560545220004e-11
20272826.604382806	1.6663753570231217e-11
22300109.264821105	1.2785992169190894e-11
24530120.191303235	9.800268942899557e-12
26983132.21043358 	7.472605380599052e-12
29681445.43147696 	5.761407259715841e-12
32649589.974624686	4.364248986635329e-12
35914548.97208718 	3.3857042298395914e-12
39506003.86929593 	2.5470357295515266e-12
43456604.256225556	1.9887799968373245e-12
47802264.68184815 	1.4852970394877102e-12
52582491.15003301 	1.1676703076834438e-12
57840740.26503636 	8.666996425245463e-13
63624814.29154004 	6.852298181172157e-13
69987295.72069411 	5.108471694418729e-13
76986025.29276358 	4.018974816630097e-13
84684627.82204    	3.009935489688096e-13
93153090.60424407 	2.3558440643804143e-13