GCR Energy Spectrum (2010.19446345 1)
Energy (MeV)      	Differential Intensity (m⁻² s⁻¹ sr⁻¹ MeV⁻¹)
3.0000000000000004	0.04321452054718925
3.3000000000000007	0.047437412495245905
3.6300000000000012	0.052066740982488015
3.993000000000002 	0.05714033535619408
4.392300000000002 	0.06269927796913141
4.831530000000003 	0.06878812726818219
5.314683000000005 	0.0754551435473059
5.846151300000006 	0.08275251396783335
6.430766430000007 	0.09073657247121633
7.073843073000009 	0.09946800903802526
7.781227380300009 	0.1090120613538108
8.55935011833001  	0.11943868029730043
9.41528513016301  	0.13082265873831925
10.35681364317931 	0.14324371089114066
11.392495007497239	0.15678648688531208
12.531744508246963	0.17154050426668896
13.784918959071657	0.18759997481111282
15.163410854978821	0.20506350131938306
16.679751940476702	0.22403361498120283
18.34772713452437 	0.24461611949018525
20.182499847976807	0.2669192034396261
22.200749832774484	0.2910522777536306
24.42082481605193 	0.3171244901929285
26.86290729765712 	0.3452428645743508
29.54919802742283 	0.3755100085992969
32.50411783016511 	0.4081180830327587
35.75452961318162 	0.4431202632384243
39.32998257449977 	0.4805652619322363
43.26298083194975 	0.5205133027116814
47.58927891514472 	0.5630017720987228
52.348206806659185	0.608039387008612
57.583027487325104	0.6555996277877494
63.34133023605761 	0.7056134485404177
69.67546325966336 	0.757961309274217
76.64300958562968 	0.8124646151038956
84.30731054419265 	0.8688766963220038
92.7380415986119  	0.9268735188500766
102.01184575847309	0.9860443758188883
112.21303033432038	1.045882875114642
123.43433336775242	1.1057786007990542
135.77776670452764	1.1665929524592769
149.35554337498039	1.2268040499703934
164.2910977124784 	1.2850996551969815
180.72020748372623	1.3404764190539562
198.79222823209884	1.391817220050104
218.67145105530872	1.4378961703511952
240.53859616083955	1.4773871698772945
264.5924557769235 	1.5151797633935764
291.05170135461583	1.5456798336777982
320.1568714900774 	1.566673105918021
352.1725586390851 	1.5767285067212111
387.38981450299354	1.575317295002223
426.12879595329287	1.5730512536786767
468.7416755486221 	1.5577966259620837
515.6158431034843 	1.528368510148852
567.1774274138327 	1.4879536438124081
623.8951701552159 	1.4470234553733932
686.2846871707374 	1.39150921397177
754.9131558878111 	1.3207109722808563
830.4044714765921 	1.2572273342889064
913.4449186242512 	1.1815105426269426
1004.7894104866762	1.092032809967798
1105.2683515353438	1.016766669915444
1215.795186688878 	0.9300252334057015
1337.3747053577656	0.8406704715387411
1471.1121758935421	0.761662800291144
1618.2233934828962	0.6737582677887028
1780.0457328311857	0.5996423555761973
1958.050306114304 	0.5251608427388588
2153.855336725734 	0.45418238767409586
2369.2408703983074	0.394238234363757
2606.164957438138 	0.3316002147965563
2866.7814531819513	0.2856130675010036
3153.459598500146 	0.23671789686368233
3468.8055583501637	0.20033125777487099
3815.686114185183 	0.16472218776138314
4197.254725603705 	0.13664519578491324
4616.9801981640785	0.11166959347626829
5078.67821798049  	0.09114148868522069
5586.546039778545 	0.07417030526219916
6145.200643756403 	0.059819234421011405
6759.720708132049 	0.04856682962227451
7435.69277894526  	0.03888197277942456
8179.262056839792 	0.03154498272028639
8997.18826252378  	0.02517308979735388
9896.907088776165 	0.020430217732279658
10886.59779765379 	0.016302107512939482
11975.25757741918 	0.013237916341212012
13172.783335161108	0.010576531660848034
14490.06166867723 	0.008578324383399474
15939.067835544965	0.006835823520557167
17532.974619099474	0.005472428649708597
19286.27208100944 	0.004305856691541876
21214.8992891104  	0.0033895171822761524
23336.389218021457	0.0026348314592260598
25670.028139823626	0.0020509209072741468
28237.03095380601 	0.001586357884734227
31060.734049186634	0.0012240077405011312
34166.80745410533 	0.000945770456381017
37583.48819951589 	0.0007244025358758665
41341.83701946751 	0.0005606036467351529
45476.020721414294	0.0004265616301867195
50023.62279355577 	0.0003311754104089308
55025.98507291139 	0.0002503955548232705
60528.583580202576	0.00019524187195959388
66581.44193822288 	0.0001466744461704165
73239.58613204522 	0.00011494646595430752
80563.54474524982 	0.00008577879746073162
88619.89921977487 	0.00006760325123037537
97481.88914175243 	0.000050205615555233357
107230.07805592776	0.00003972246406151469
117953.08586152064	0.000029612118458443152
129748.3944476728 	0.00002331933653384417
142723.23389244018	0.000017455113516501925
156995.55728168433	0.000013678582175329978
172695.1130098529 	0.000010283397576754418
189964.62431083835	0.000008017212883077002
208961.08674192237	0.000006055037598341077
229857.19541611476	0.000004695343224278148
252842.91495772646	0.0000035634879400680177
278127.2064534993 	0.0000027477484354243703
305939.9270988495 	0.0000020961300013492436
336533.91980873473	0.0000016067628335360977
370187.3117896085 	0.0000012324006941395299
407206.0429685697 	9.388468159940087e-7
447926.647265427  	7.242472435360182e-7
492719.31199197005	5.48157073253553e-7
541991.2431911675 	4.2543227282921164e-7
596190.3675102848 	3.1980745330354535e-7
655809.4042613137 	2.4979799869518404e-7
721390.3446874457 	1.8643261975454275e-7
793529.3791561909 	1.4660337370188e-7
872882.3170718106 	1.0879948597411517e-7
960170.5487789925 	8.599714141288028e-8
1056187.6036568927	6.410169019998349e-8
1161806.3640225828	5.041972862898779e-8
1277987.0004248421	3.775479236138517e-8
1405785.7004673274	2.9544711701105567e-8
1546364.2705140612	2.2228998774805077e-8
1701000.6975654687	1.730243315275751e-8
1871100.767322017 	1.3083141646197816e-8
2058210.8440542205	1.0126829967123792e-8
2264031.9284596443	7.69738787115735e-9
2490435.121305611 	5.9233562558558446e-9
2739478.633436174 	4.527001876412568e-9
3013426.496779794 	3.4624104584159808e-9
3314769.146457776 	2.6613953758402146e-9
3646246.0611035563	2.022523730380151e-9
4010870.6672139154	1.564008853908383e-9
4411957.7339353105	1.180619495138012e-9
4853153.507328846 	9.187540297261776e-10
5338468.858061734 	6.886492705660932e-10
5872315.743867912 	5.394693438887038e-10
6459547.318254708 	4.0135763018760967e-10
7105502.050080185 	3.1661235489040896e-10
7816052.255088209 	2.354837047223899e-10
8597657.480597038 	1.8572251712798658e-10
9457423.228656748 	1.3875356289892552e-10
10403165.551522432	1.0888333286103586e-10
11443482.106674684	8.172800018313962e-11
12587830.317342162	6.37979962989636e-11
13846613.34907639 	4.812129032762576e-11
15231274.683984041	3.7358689094255854e-11
16754402.152382458	2.8323050003504003e-11
18429842.367620718	2.186282022046903e-11
20272826.604382806	1.6663910392591582e-11
22300109.264821105	1.2786119904203037e-11
24530120.191303235	9.800346160139939e-12
26983132.21043358 	7.472668207821054e-12
29681445.43147696 	5.7614452769516175e-12
32649589.974624686	4.36427988517575e-12
35914548.97208718 	3.3857229465616254e-12
39506003.86929593 	2.5470509245937552e-12
43456604.256225556	1.988789211445293e-12
47802264.68184815 	1.485304511755009e-12
52582491.15003301 	1.167674843852936e-12
57840740.26503636 	8.667023687316703e-13
63624814.29154004 	6.852320510659705e-13
69987295.72069411 	5.108485125975908e-13
76986025.29276358 	4.0189858072813867e-13
84684627.82204    	3.009942106558908e-13
93153090.60424407 	2.3558494734078596e-13