GCR Energy Spectrum (2010.94109587 1)
Energy (MeV)      	Differential Intensity (m⁻² s⁻¹ sr⁻¹ MeV⁻¹)
3.0000000000000004	0.03762923372455633
3.3000000000000007	0.04130702978341585
3.6300000000000012	0.04533924007734547
3.993000000000002 	0.04976138910643058
4.392300000000002 	0.05460745989654269
4.831530000000003 	0.059916561316393516
5.314683000000005 	0.06573109213925504
5.846151300000006 	0.07209695039264624
6.430766430000007 	0.07906374079798158
7.073843073000009 	0.08668497590736358
7.781227380300009 	0.09501826539344108
8.55935011833001  	0.1041254865819152
9.41528513016301  	0.11407292770644387
10.35681364317931 	0.12493139348339422
11.392495007497239	0.1367762604209423
12.531744508246963	0.1496874667678992
13.784918959071657	0.1637494191521514
15.163410854978821	0.17905079474535301
16.679751940476702	0.19568421422157387
18.34772713452437 	0.21374575687445196
20.182499847976807	0.23333428506815354
22.200749832774484	0.2545505408059607
24.42082481605193 	0.27749597273656085
26.86290729765712 	0.30227124757028956
29.54919802742283 	0.32897439590509714
32.50411783016511 	0.3576985392089165
35.75452961318162 	0.38852914261277166
39.32998257449977 	0.42154073778580686
43.26298083194975 	0.45679306214990356
47.58927891514472 	0.49432656581622075
52.348206806659185	0.5341572467492248
57.583027487325104	0.5762707887036891
63.34133023605761 	0.6206159963560874
69.67546325966336 	0.6670975486001277
76.64300958562968 	0.7155681248348628
84.30731054419265 	0.7658200005355753
92.7380415986119  	0.8175762572341974
102.01184575847309	0.8713087161230159
112.21303033432038	0.9263328040406557
123.43433336775242	0.98186205789074
135.77776670452764	1.0373102403089958
149.35554337498039	1.0919871849863683
164.2910977124784 	1.1450940075403535
180.72020748372623	1.195720345352833
198.79222823209884	1.2428440814778625
218.67145105530872	1.286966896795268
240.53859616083955	1.329428905359265
264.5924557769235 	1.3658678308758914
291.05170135461583	1.3950066316422105
320.1568714900774 	1.4155065235632442
352.1725586390851 	1.4259846328853347
387.38981450299354	1.4360829264786188
426.12879595329287	1.4356543671507875
468.7416755486221 	1.423105858337794
515.6158431034843 	1.3972356180431915
567.1774274138327 	1.3713042270064082
623.8951701552159 	1.3347031968008374
686.2846871707374 	1.2841505713819235
754.9131558878111 	1.2273253021984818
830.4044714765921 	1.1702022985193465
913.4449186242512 	1.0998827456080211
1004.7894104866762	1.0246948046111641
1105.2683515353438	0.9542775819256933
1215.795186688878 	0.872520352451257
1337.3747053577656	0.795031370157434
1471.1121758935421	0.7200924117785886
1618.2233934828962	0.6362378670434887
1780.0457328311857	0.5709544585360601
1958.050306114304 	0.49951885367917903
2153.855336725734 	0.4352612325803172
2369.2408703983074	0.37747793962427434
2606.164957438138 	0.31964723502026643
2866.7814531819513	0.2751124207633684
3153.459598500146 	0.22758996192429054
3468.8055583501637	0.19400412982006582
3815.686114185183 	0.1592639642260768
4197.254725603705 	0.13296222029337867
4616.9801981640785	0.10851384146876926
5078.67821798049  	0.08905860341330135
5586.546039778545 	0.07239607803999899
6145.200643756403 	0.05866700019526583
6759.720708132049 	0.04759026648826428
7435.69277894526  	0.038253955556243724
8179.262056839792 	0.031014953899703906
8997.18826252378  	0.024833434341316383
9896.907088776165 	0.020144564743740653
10886.59779765379 	0.016118667888027297
11975.25757741918 	0.013084107241853053
13172.783335161108	0.010477012117688977
14490.06166867723 	0.008495126391348536
15939.067835544965	0.006780713952370726
17532.974619099474	0.005426585635788543
19286.27208100944 	0.004275956488744238
21214.8992891104  	0.0033647745090202505
23336.389218021457	0.0026192804277632574
25670.028139823626	0.0020381010904453284
28237.03095380601 	0.001578448142863356
31060.734049186634	0.0012175070577521605
34166.80745410533 	0.0009418012358845746
37583.48819951589 	0.0007211486957067922
41341.83701946751 	0.0005586275546623523
45476.020721414294	0.0004249452505222368
50023.62279355577 	0.00033019601859821834
55025.98507291139 	0.00024959601414287767
60528.583580202576	0.00019475767612125013
66581.44193822288 	0.00014627987774811996
73239.58613204522 	0.00011470743273542572
80563.54474524982 	0.00008558433990925597
88619.89921977487 	0.00006748535208301936
97481.88914175243 	0.000050134836647540694
107230.07805592776	0.00003966434579421585
117953.08586152064	0.000029577203293488392
129748.3944476728 	0.00002329070465241702
142723.23389244018	0.000017437898668640604
156995.55728168433	0.000013664483280093888
172695.1130098529 	0.000010274913082842366
189964.62431083835	0.000008010272758536443
208961.08674192237	0.000006050857426571402
229857.19541611476	0.000004691928110138465
252842.91495772646	0.0000035614290367750993
278127.2064534993 	0.0000027460683799078605
305939.9270988495 	0.0000020951161614466105
336533.91980873473	0.000001605936533541192
370187.3117896085 	0.0000012319015748737568
407206.0429685697 	9.384405075402744e-7
447926.647265427  	7.240015650983342e-7
492719.31199197005	5.47957316404899e-7
541991.2431911675 	4.253113629281263e-7
596190.3675102848 	3.1970926063192423e-7
655809.4042613137 	2.4973849573114e-7
721390.3446874457 	1.8638435464972157e-7
793529.3791561909 	1.4657409303950122e-7
872882.3170718106 	1.087818998531859e-7
960170.5487789925 	8.59827340553821e-8
1056187.6036568927	6.409302912055357e-8
1161806.3640225828	5.0412640235461356e-8
1277987.0004248421	3.7750527041699203e-8
1405785.7004673274	2.9541224449642998e-8
1546364.2705140612	2.2226898440420133e-8
1701000.6975654687	1.7300717731413314e-8
1871100.767322017 	1.3082107476623838e-8
2058210.8440542205	1.0125986207765283e-8
2264031.9284596443	7.696878703894168e-9
2490435.121305611 	5.922941277701341e-9
2739478.633436174 	4.526751208157026e-9
3013426.496779794 	3.462206381073118e-9
3314769.146457776 	2.6612719776440974e-9
3646246.0611035563	2.022423378060623e-9
4010870.6672139154	1.5639481125499702e-9
4411957.7339353105	1.1805701528475956e-9
4853153.507328846 	9.187241301569802e-10
5338468.858061734 	6.886250097404885e-10
5872315.743867912 	5.3945462681376e-10
6459547.318254708 	4.0134570243754786e-10
7105502.050080185 	3.166051112799655e-10
7816052.255088209 	2.354793502479721e-10
8597657.480597038 	1.8571895215490918e-10
9457423.228656748 	1.3875141792337585e-10
10403165.551522432	1.0888157851756848e-10
11443482.106674684	8.172694368384629e-11
12587830.317342162	6.379713307050971e-11
13846613.34907639 	4.812076999934226e-11
15231274.683984041	3.735826438621529e-11
16754402.152382458	2.8322793763352105e-11
18429842.367620718	2.186261128656011e-11
20272826.604382806	1.6663784213815474e-11
22300109.264821105	1.278601712902087e-11
24530120.191303235	9.800284031401022e-12
26983132.21043358 	7.472617657246002e-12
29681445.43147696 	5.761414688411792e-12
32649589.974624686	4.364255024315049e-12
35914548.97208718 	3.3857078871516145e-12
39506003.86929593 	2.547038698715554e-12
43456604.256225556	1.9887817974041083e-12
47802264.68184815 	1.4852984995951574e-12
52582491.15003301 	1.167671194067161e-12
57840740.26503636 	8.667001752352343e-13
63624814.29154004 	6.852302544434743e-13
69987295.72069411 	5.108474318993919e-13
76986025.29276358 	4.0189769642435304e-13
84684627.82204    	3.0099367826489557e-13
93153090.60424407 	2.355845121324319e-13