GCR Energy Spectrum (2012.95628414 1)
Energy (MeV)      	Differential Intensity (m⁻² s⁻¹ sr⁻¹ MeV⁻¹)
3.0000000000000004	0.019849079478140505
3.3000000000000007	0.02179201085369457
3.6300000000000012	0.0239228994054992
3.993000000000002 	0.02625946577783144
4.392300000000002 	0.028821004997804208
4.831530000000003 	0.03162850599793392
5.314683000000005 	0.034704775731070885
5.846151300000006 	0.038074566926249914
6.430766430000007 	0.04176470817903381
7.073843073000009 	0.04580423463547515
7.781227380300009 	0.05022451700085835
8.55935011833001  	0.05505938596706729
9.41528513016301  	0.06034524838812729
10.35681364317931 	0.06612119062285045
11.392495007497239	0.0724290633857496
12.531744508246963	0.07931354118057383
13.784918959071657	0.08682214791267107
15.163410854978821	0.09500523856521506
16.679751940476702	0.10391592486056098
18.34772713452437 	0.11360993059611516
20.182499847976807	0.12414535983546539
22.200749832774484	0.135582358351838
24.42082481605193 	0.147982645678883
26.86290729765712 	0.16140889186060103
29.54919802742283 	0.17592390957263995
32.50411783016511 	0.19158962881155164
35.75452961318162 	0.20846581796203775
39.32998257449977 	0.22660851195481604
43.26298083194975 	0.24606810568487142
47.58927891514472 	0.2668870692119179
52.348206806659185	0.2891436555528447
57.583027487325104	0.31309900783623607
63.34133023605761 	0.33855646355847235
69.67546325966336 	0.3655137946436428
76.64300958562968 	0.39394556052081836
84.30731054419265 	0.4237982219660284
92.7380415986119  	0.45498474051398896
102.01184575847309	0.48737869897085273
112.21303033432038	0.5208080079772691
123.43433336775242	0.5550482983962446
135.77776670452764	0.5898161389355135
149.35554337498039	0.624762261635803
164.2910977124784 	0.6594650226991413
180.72020748372623	0.6934243698197526
198.79222823209884	0.7274835929277436
218.67145105530872	0.7616409932067201
240.53859616083955	0.7938273419838094
264.5924557769235 	0.8233028987816244
291.05170135461583	0.849246978455382
320.1568714900774 	0.8707612165869253
352.1725586390851 	0.886875225894613
387.38981450299354	0.9026605862826103
426.12879595329287	0.9137459772506528
468.7416755486221 	0.9177968212162692
515.6158431034843 	0.9138116800174614
567.1774274138327 	0.9018502510678265
623.8951701552159 	0.8918072511204861
686.2846871707374 	0.8728206357102334
754.9131558878111 	0.8440807533107385
830.4044714765921 	0.8097832835828502
913.4449186242512 	0.7774455155227836
1004.7894104866762	0.7356466669483702
1105.2683515353438	0.6846503053034637
1215.795186688878 	0.6431906726950108
1337.3747053577656	0.5934274483493646
1471.1121758935421	0.5376100857817055
1618.2233934828962	0.4925591565571472
1780.0457328311857	0.44087509806217673
1958.050306114304 	0.3913541310753024
2153.855336725734 	0.34795241066222843
2369.2408703983074	0.29969667023166
2606.164957438138 	0.2636037311708368
2866.7814531819513	0.22562212425333453
3153.459598500146 	0.19232806761216123
3468.8055583501637	0.1637656707701832
3815.686114185183 	0.135760634748999
4197.254725603705 	0.11514018018969881
4616.9801981640785	0.09324583164104282
5078.67821798049  	0.0788676520938884
5586.546039778545 	0.06368626505974173
6145.200643756403 	0.05297451711127735
6759.720708132049 	0.042751470830589104
7435.69277894526  	0.03512495634181376
8179.262056839792 	0.028367370166670337
8997.18826252378  	0.023128725672529524
9896.907088776165 	0.01870768190433823
10886.59779765379 	0.015192197628277448
11975.25757741918 	0.01230578438429752
13172.783335161108	0.009971696321126626
14490.06166867723 	0.008071982970846199
15939.067835544965	0.0064996597527168425
17532.974619099474	0.005192462683731216
19286.27208100944 	0.004122899133600046
21214.8992891104  	0.0032379697548581624
23336.389218021457	0.002539418878470507
25670.028139823626	0.001972200837826986
28237.03095380601 	0.0015377165094055515
31060.734049186634	0.0011840038820522363
34166.80745410533 	0.0009213140546670872
37583.48819951589 	0.0007043423926064455
41341.83701946751 	0.0005484079895495655
45476.020721414294	0.0004165811698896267
50023.62279355577 	0.0003251226838659737
55025.98507291139 	0.0002454523403308889
60528.583580202576	0.0001922460559968168
66581.44193822288 	0.00014423235780754395
73239.58613204522 	0.00011346609753060748
80563.54474524982 	0.00008457415901952187
88619.89921977487 	0.00006687249812804527
97481.88914175243 	0.000049766723309011756
107230.07805592776	0.000039361998997514105
117953.08586152064	0.000029395484402860934
129748.3944476728 	0.000023141654928587417
142723.23389244018	0.000017348249588972696
156995.55728168433	0.000013591047683327897
172695.1130098529 	0.000010230706987940876
189964.62431083835	0.000007974107737211281
208961.08674192237	0.000006029068895475678
229857.19541611476	0.000004674125119199255
252842.91495772646	0.0000035506936565269155
278127.2064534993 	0.0000027373074613068765
305939.9270988495 	0.0000020898283789968503
336533.91980873473	0.0000016016265193855696
370187.3117896085 	0.0000012292977576633228
407206.0429685697 	9.363207200409772e-7
447926.647265427  	7.227196540284833e-7
492719.31199197005	5.469149569280519e-7
541991.2431911675 	4.246803720684108e-7
596190.3675102848 	3.1919679957794745e-7
655809.4042613137 	2.4942792665034546e-7
721390.3446874457 	1.8613243048648905e-7
793529.3791561909 	1.4642124882077888e-7
872882.3170718106 	1.0869009513521987e-7
960170.5487789925 	8.590752108818419e-8
1056187.6036568927	6.404781201520321e-8
1161806.3640225828	5.037563274438428e-8
1277987.0004248421	3.772825746183249e-8
1405785.7004673274	2.9523016843800995e-8
1546364.2705140612	2.2215931801926917e-8
1701000.6975654687	1.7291760713772046e-8
1871100.767322017 	1.3076707432655325e-8
2058210.8440542205	1.0121580351228936e-8
2264031.9284596443	7.69421992032363e-9
2490435.121305611 	5.920774307877348e-9
2739478.633436174 	4.525442219336144e-9
3013426.496779794 	3.4611406795102185e-9
3314769.146457776 	2.660627575319529e-9
3646246.0611035563	2.0218993202824467e-9
4010870.6672139154	1.5636309057511415e-9
4411957.7339353105	1.1803124731824187e-9
4853153.507328846 	9.185679841197948e-10
5338468.858061734 	6.884983105145457e-10
5872315.743867912 	5.393777679045649e-10
6459547.318254708 	4.0128341030797446e-10
7105502.050080185 	3.16567281541038e-10
7816052.255088209 	2.354566088546891e-10
8597657.480597038 	1.8570033389399173e-10
9457423.228656748 	1.3874021560894636e-10
10403165.551522432	1.0887241628525496e-10
11443482.106674684	8.172142598473532e-11
12587830.317342162	6.379262474162003e-11
13846613.34907639 	4.8118052502491915e-11
15231274.683984041	3.735604627684624e-11
16754402.152382458	2.832145550139341e-11
18429842.367620718	2.186152008849999e-11
20272826.604382806	1.6663125218698348e-11
22300109.264821105	1.27854803633615e-11
24530120.191303235	9.799959549833792e-12
26983132.21043358 	7.472353645000458e-12
29681445.43147696 	5.761254932267166e-12
32649589.974624686	4.364125182260574e-12
35914548.97208718 	3.3856292354923478e-12
39506003.86929593 	2.546974845860438e-12
43456604.256225556	1.988743075576788e-12
47802264.68184815 	1.4852670994514748e-12
52582491.15003301 	1.1676521320443196e-12
57840740.26503636 	8.666887190780303e-13
63624814.29154004 	6.852208710684414e-13
69987295.72069411 	5.10841787639265e-13
76986025.29276358 	4.0189307788922255e-13
84684627.82204    	3.0099089769536316e-13
93153090.60424407 	2.3558223912724246e-13