GCR Energy Spectrum (2013.10547944 1)
Energy (MeV)      	Differential Intensity (m⁻² s⁻¹ sr⁻¹ MeV⁻¹)
3.0000000000000004	0.021380372154675645
3.3000000000000007	0.02347330855650831
3.6300000000000012	0.025768691052990414
3.993000000000002 	0.028285597193487923
4.392300000000002 	0.031044797139203033
4.831530000000003 	0.03406888162305412
5.314683000000005 	0.037382394692298856
5.846151300000006 	0.04101197017912511
6.430766430000007 	0.04498647045767389
7.073843073000009 	0.04933712557330649
7.781227380300009 	0.05409767025637155
8.55935011833001  	0.05930447564141677
9.41528513016301  	0.06499667168503669
10.35681364317931 	0.071216255290972
11.392495007497239	0.07800817798788427
12.531744508246963	0.085420405640719
13.784918959071657	0.09350394108792276
15.163410854978821	0.10231279876225485
16.679751940476702	0.11190391825353654
18.34772713452437 	0.12233700139344245
20.182499847976807	0.13367425477951891
22.200749832774484	0.14598001671421965
24.42082481605193 	0.1593202443382093
26.86290729765712 	0.17376183333212702
29.54919802742283 	0.18937173902486937
32.50411783016511 	0.20621586419619703
35.75452961318162 	0.22435767546332747
39.32998257449977 	0.24385650712130688
43.26298083194975 	0.2647655089617923
47.58927891514472 	0.28712919330083986
52.348206806659185	0.3109805366664572
57.583027487325104	0.3363375938830282
63.34133023605761 	0.3631995872773098
69.67546325966336 	0.39154244212132117
76.64300958562968 	0.4217747468001184
84.30731054419265 	0.45362279489957413
92.7380415986119  	0.48687527527149554
102.01184575847309	0.5213948153217398
112.21303033432038	0.5569956196221726
123.43433336775242	0.5934366663085427
135.77776670452764	0.6304147838636358
149.35554337498039	0.6675578104551955
164.2910977124784 	0.7044180837545555
180.72020748372623	0.7404665525403451
198.79222823209884	0.7750878384584868
218.67145105530872	0.8090748243952988
240.53859616083955	0.8429008245595335
264.5924557769235 	0.8738356876302209
291.05170135461583	0.9010252765990171
320.1568714900774 	0.9235385073516886
352.1725586390851 	0.9403740010044113
387.38981450299354	0.9522459091492981
426.12879595329287	0.9635320698814757
468.7416755486221 	0.9674764592798205
515.6158431034843 	0.9630644521632404
567.1774274138327 	0.9492770121448891
623.8951701552159 	0.9347760894734525
686.2846871707374 	0.9146805241718727
754.9131558878111 	0.8845588998569003
830.4044714765921 	0.8442167545641438
913.4449186242512 	0.8103829016595725
1004.7894104866762	0.7669023614201458
1105.2683515353438	0.7133186355258957
1215.795186688878 	0.6671311814211764
1337.3747053577656	0.6157115840737774
1471.1121758935421	0.5556950012408465
1618.2233934828962	0.5086291903687233
1780.0457328311857	0.4555428110836034
1958.050306114304 	0.40239349821440223
2153.855336725734 	0.35792991476320274
2369.2408703983074	0.3086233738151813
2606.164957438138 	0.2700866147339866
2866.7814531819513	0.23136915100792343
3153.459598500146 	0.1963649077288749
3468.8055583501637	0.1673143442959294
3815.686114185183 	0.13818058476772657
4197.254725603705 	0.11725144495075514
4616.9801981640785	0.09500628524542208
5078.67821798049  	0.08008496278528532
5586.546039778545 	0.06472923062077134
6145.200643756403 	0.05365944317842998
6759.720708132049 	0.043334947653745244
7435.69277894526  	0.03550382673666017
8179.262056839792 	0.02868855892055294
8997.18826252378  	0.02333626592768785
9896.907088776165 	0.018882904797532404
10886.59779765379 	0.015305518508627965
11975.25757741918 	0.012401120580456138
13172.783335161108	0.010033748774736166
14490.06166867723 	0.008124008303409192
15939.067835544965	0.0065342854706963325
17532.974619099474	0.005221336259068925
19286.27208100944 	0.00414180768317631
21214.8992891104  	0.0032536486066379526
23336.389218021457	0.002549308383482138
25670.028139823626	0.001980367375361141
28237.03095380601 	0.0015427706513884507
31060.734049186634	0.0011881636065313229
34166.80745410533 	0.0009238605365926277
37583.48819951589 	0.000706432412631031
41341.83701946751 	0.0005496800734714252
45476.020721414294	0.00041762273169001026
50023.62279355577 	0.0003257549515522421
55025.98507291139 	0.00024596893016810145
60528.583580202576	0.00019255938452743195
66581.44193822288 	0.0001444878638538076
73239.58613204522 	0.00011362108669755052
80563.54474524982 	0.00008470031761920692
88619.89921977487 	0.00006694907098092875
97481.88914175243 	0.000049812735143676873
107230.07805592776	0.00003939979778395055
117953.08586152064	0.000029418209966070025
129748.3944476728 	0.000023160297926838495
142723.23389244018	0.00001735946587362171
156995.55728168433	0.000013600236672925009
172695.1130098529 	0.00001023623975320276
189964.62431083835	0.000007978634593808788
208961.08674192237	0.00000603179673314537
229857.19541611476	0.000004676354186270738
252842.91495772646	0.000003552038019241733
278127.2064534993 	0.000002738404650113147
305939.9270988495 	0.000002090490691163912
336533.91980873473	0.000001602166396392949
370187.3117896085 	0.000001229623950579345
407206.0429685697 	9.365862897950019e-7
447926.647265427  	7.228802682972817e-7
492719.31199197005	5.470455626155582e-7
541991.2431911675 	4.247594401040726e-7
596190.3675102848 	3.1926101714685486e-7
655809.4042613137 	2.4946684720210997e-7
721390.3446874457 	1.8616400255549499e-7
793529.3791561909 	1.4644040484598132e-7
872882.3170718106 	1.0870160157796033e-7
960170.5487789925 	8.591694820029088e-8
1056187.6036568927	6.405347969247383e-8
1161806.3640225828	5.0380271485531067e-8
1277987.0004248421	3.7731048952531176e-8
1405785.7004673274	2.952529920153031e-8
1546364.2705140612	2.2217306526780366e-8
1701000.6975654687	1.7292883536558973e-8
1871100.767322017 	1.3077384379501108e-8
2058210.8440542205	1.012213267302583e-8
2264031.9284596443	7.694553233682686e-9
2490435.121305611 	5.92104596828777e-9
2739478.633436174 	4.525606322143845e-9
3013426.496779794 	3.461274283297536e-9
3314769.146457776 	2.66070836311421e-9
3646246.0611035563	2.021965021039263e-9
4010870.6672139154	1.5636706741643253e-9
4411957.7339353105	1.1803447787978417e-9
4853153.507328846 	9.185875605116862e-10
5338468.858061734 	6.885141951543114e-10
5872315.743867912 	5.393874039935844e-10
6459547.318254708 	4.0129122013085085e-10
7105502.050080185 	3.165720244413867e-10
7816052.255088209 	2.35459460069751e-10
8597657.480597038 	1.8570266817504342e-10
9457423.228656748 	1.3874162011516446e-10
10403165.551522432	1.0887356501570709e-10
11443482.106674684	8.172211777812931e-11
12587830.317342162	6.379318998404601e-11
13846613.34907639 	4.8118393216124594e-11
15231274.683984041	3.735632437880465e-11
16754402.152382458	2.8321623290324693e-11
18429842.367620718	2.186165690115754e-11
20272826.604382806	1.6663207842617764e-11
22300109.264821105	1.278554766238251e-11
24530120.191303235	9.800000233005794e-12
26983132.21043358 	7.472386746616532e-12
29681445.43147696 	5.761274962376763e-12
32649589.974624686	4.36414146177409e-12
35914548.97208718 	3.3856390967988215e-12
39506003.86929593 	2.546982851704485e-12
43456604.256225556	1.988747930508024e-12
47802264.68184815 	1.4852710363939614e-12
52582491.15003301 	1.1676545220381814e-12
57840740.26503636 	8.666901554505014e-13
63624814.29154004 	6.852220475559951e-13
69987295.72069411 	5.108424953170157e-13
76986025.29276358 	4.018936569616663e-13
84684627.82204    	3.0099124632365083e-13
93153090.60424407 	2.355825241170937e-13