GCR Energy Spectrum (2011.09041094 1)
Energy (MeV)      	Differential Intensity (m⁻² s⁻¹ sr⁻¹ MeV⁻¹)
3.0000000000000004	0.035853827657930305
3.3000000000000007	0.03936029736312596
3.6300000000000012	0.043204915435244635
3.993000000000002 	0.047419300670666804
4.392300000000002 	0.052037822277513475
4.831530000000003 	0.057097795591788736
5.314683000000005 	0.06263968206560298
5.846151300000006 	0.0687072910774321
6.430766430000007 	0.07534798035956959
7.073843073000009 	0.08261285092823684
7.781227380300009 	0.09055693131309742
8.55935011833001  	0.09923934458902917
9.41528513016301  	0.10872345018629302
10.35681364317931 	0.11907695066725943
11.392495007497239	0.1303719515806236
12.531744508246963	0.14268496011168977
13.784918959071657	0.1560968055185361
15.163410854978821	0.1706924612651412
16.679751940476702	0.1865607453324476
18.34772713452437 	0.2037938714229463
20.182499847976807	0.22248681971431028
22.200749832774484	0.24273649153631513
24.42082481605193 	0.26464060795911826
26.86290729765712 	0.28829630796057804
29.54919802742283 	0.3137983978233679
32.50411783016511 	0.34123720001704894
35.75452961318162 	0.37069594745679396
39.32998257449977 	0.4022476682133737
43.26298083194975 	0.4359515071022177
47.58927891514472 	0.471848434834951
52.348206806659185	0.5099563034024193
57.583027487325104	0.5502642189679396
63.34133023605761 	0.5927262216941612
69.67546325966336 	0.6372542864578512
76.64300958562968 	0.6837106900100816
84.30731054419265 	0.7319168586444101
92.7380415986119  	0.7825186673325457
102.01184575847309	0.8344943320182547
112.21303033432038	0.887464769025541
123.43433336775242	0.9409635943151092
135.77776670452764	0.9944295458457955
149.35554337498039	1.0471999101459502
164.2910977124784 	1.098505385384928
180.72020748372623	1.147466835568506
198.79222823209884	1.1930943890637515
218.67145105530872	1.2386446789577792
240.53859616083955	1.2800372252673515
264.5924557769235 	1.315646556371371
291.05170135461583	1.3442216720919153
320.1568714900774 	1.3644465821322327
352.1725586390851 	1.3781068597174966
387.38981450299354	1.388782763344464
426.12879595329287	1.3888739563933667
468.7416755486221 	1.3771439031687898
515.6158431034843 	1.353617928786074
567.1774274138327 	1.3312662493627563
623.8951701552159 	1.2960651535584327
686.2846871707374 	1.2471383969397662
754.9131558878111 	1.1954781641184014
830.4044714765921 	1.140031158537716
913.4449186242512 	1.0715244629767142
1004.7894104866762	1.0012230741027226
1105.2683515353438	0.932453368196855
1215.795186688878 	0.8523993780123584
1337.3747053577656	0.7790127090913531
1471.1121758935421	0.7054764627217786
1618.2233934828962	0.6245759538476862
1780.0457328311857	0.5608227745371164
1958.050306114304 	0.4904493995957544
2153.855336725734 	0.42855151496271754
2369.2408703983074	0.37152647113129034
2606.164957438138 	0.3153928325129828
2866.7814531819513	0.27137040878741375
3153.459598500146 	0.22433354053990956
3468.8055583501637	0.19174219433749454
3815.686114185183 	0.15731074753638444
4197.254725603705 	0.13164183083184905
4616.9801981640785	0.10738148800498086
5078.67821798049  	0.0883099987564248
5586.546039778545 	0.07175792208772146
6145.200643756403 	0.05825197311635166
6759.720708132049 	0.04723828082490918
7435.69277894526  	0.038027318416838984
8179.262056839792 	0.030823567733466898
8997.18826252378  	0.024710659762955355
9896.907088776165 	0.020041258525818145
10886.59779765379 	0.016052267478114782
11975.25757741918 	0.013028408260351225
13172.783335161108	0.010440945871039282
14490.06166867723 	0.008464963990746718
15939.067835544965	0.006760722556140987
17532.974619099474	0.005409950575625455
19286.27208100944 	0.004265101023970309
21214.8992891104  	0.003355789184026506
23336.389218021457	0.002613630502389891
25670.028139823626	0.00203344244320025
28237.03095380601 	0.0015755726731211594
31060.734049186634	0.0012151434004878017
34166.80745410533 	0.0009403575459859117
37583.48819951589 	0.0007199650249220498
41341.83701946751 	0.0005579084985609784
45476.020721414294	0.00042435701123239906
50023.62279355577 	0.00032983951100401033
55025.98507291139 	0.00024930494329928655
60528.583580202576	0.00019458137118594338
66581.44193822288 	0.00014613619526831025
73239.58613204522 	0.00011462037423800718
80563.54474524982 	0.00008551351120437758
88619.89921977487 	0.00006744240290060036
97481.88914175243 	0.000050109049760660176
107230.07805592776	0.00003964317032707337
117953.08586152064	0.00002956448066397974
129748.3944476728 	0.000023280271066132452
142723.23389244018	0.00001743162498898148
156995.55728168433	0.000013659344955154462
172695.1130098529 	0.000010271820709057238
189964.62431083835	0.000008007743183107717
208961.08674192237	0.000006049333727657042
229857.19541611476	0.000004690683245609962
252842.91495772646	0.0000035606784975639544
278127.2064534993 	0.000002745455929616349
305939.9270988495 	0.0000020947465599270357
336533.91980873473	0.0000016056352952445805
370187.3117896085 	0.000001231719608527784
407206.0429685697 	9.382923754162768e-7
447926.647265427  	7.239119930790799e-7
492719.31199197005	5.478844860404272e-7
541991.2431911675 	4.2526727876286553e-7
596190.3675102848 	3.1967345887421513e-7
655809.4042613137 	2.497168001059118e-7
721390.3446874457 	1.863667563567476e-7
793529.3791561909 	1.4656341663286208e-7
872882.3170718106 	1.0877548745992466e-7
960170.5487789925 	8.597748069281078e-8
1056187.6036568927	6.408987099082699e-8
1161806.3640225828	5.041005554704554e-8
1277987.0004248421	3.774897173498853e-8
1405785.7004673274	2.9539952851957094e-8
1546364.2705140612	2.222613256469027e-8
1701000.6975654687	1.730009220979031e-8
1871100.767322017 	1.308173036830977e-8
2058210.8440542205	1.0125678531272975e-8
2264031.9284596443	7.696693035258293e-9
2490435.121305611 	5.922789954879758e-9
2739478.633436174 	4.5266598009368405e-9
3013426.496779794 	3.4621319632643773e-9
3314769.146457776 	2.6612269797139065e-9
3646246.0611035563	2.02238678389055e-9
4010870.6672139154	1.5639259627221902e-9
4411957.7339353105	1.1805521597562397e-9
4853153.507328846 	9.187132269928412e-10
5338468.858061734 	6.886161627876888e-10
5872315.743867912 	5.394492600733966e-10
6459547.318254708 	4.0134135285039387e-10
7105502.050080185 	3.166024698117735e-10
7816052.255088209 	2.3547776233493136e-10
8597657.480597038 	1.8571765214230657e-10
9457423.228656748 	1.387506357298556e-10
10403165.551522432	1.0888093877276204e-10
11443482.106674684	8.172655841683605e-11
12587830.317342162	6.379681828220607e-11
13846613.34907639 	4.812058025420152e-11
15231274.683984041	3.735810951029512e-11
16754402.152382458	2.8322700321610588e-11
18429842.367620718	2.1862535095709064e-11
20272826.604382806	1.6663738200823358e-11
22300109.264821105	1.2785979650490894e-11
24530120.191303235	9.800261375201757e-12
26983132.21043358 	7.47259922319771e-12
29681445.43147696 	5.7614035338232525e-12
32649589.974624686	4.3642459584123664e-12
35914548.97208718 	3.385702395499613e-12
39506003.86929593 	2.5470342403549956e-12
43456604.256225556	1.9887790937554773e-12
47802264.68184815 	1.485296307164674e-12
52582491.15003301 	1.1676698631139255e-12
57840740.26503636 	8.666993753412173e-13
63624814.29154004 	6.852295992759116e-13
69987295.72069411 	5.108470378051731e-13
76986025.29276358 	4.018973739485295e-13
84684627.82204    	3.0099348411979515e-13
93153090.60424407 	2.355843534265603e-13