GCR Energy Spectrum (2013.18076482 1)
Energy (MeV)      	Differential Intensity (m⁻² s⁻¹ sr⁻¹ MeV⁻¹)
3.0000000000000004	0.020042318482018574
3.3000000000000007	0.02200418171896393
3.6300000000000012	0.024155831289537032
3.993000000000002 	0.0265151592601743
4.392300000000002 	0.029101647042286957
4.831530000000003 	0.03193648598838028
5.314683000000005 	0.03504270260627978
5.846151300000006 	0.03844528742729006
6.430766430000007 	0.04217132620516535
7.073843073000009 	0.04625013168355359
7.781227380300009 	0.0507133736359159
8.55935011833001  	0.055595204237853225
9.41528513016301  	0.06093237505952577
10.35681364317931 	0.06676434104596304
11.392495007497239	0.07313334576456756
12.531744508246963	0.08008448092002392
13.784918959071657	0.08766571164475453
15.163410854978821	0.0959278573463334
16.679751940476702	0.10492451591233155
18.34772713452437 	0.11471191682262467
20.182499847976807	0.12534868619090153
22.200749832774484	0.13689550395324418
24.42082481605193 	0.14941463035966743
26.86290729765712 	0.1629692756428157
29.54919802742283 	0.17762278330290876
32.50411783016511 	0.19343759396189075
35.75452961318162 	0.21047395335033475
39.32998257449977 	0.2287883249012974
43.26298083194975 	0.2484314649052846
47.58927891514472 	0.26944611657468476
52.348206806659185	0.29186427910278967
57.583027487325104	0.3159258240558942
63.34133023605761 	0.3416043513312352
69.67546325966336 	0.3687942226262095
76.64300958562968 	0.397469492457233
84.30731054419265 	0.42757586530121966
92.7380415986119  	0.4590252610614927
102.01184575847309	0.49168990257799094
112.21303033432038	0.5253959917384161
123.43433336775242	0.559917075901488
135.77776670452764	0.5949672462812504
149.35554337498039	0.6301943534036142
164.2910977124784 	0.6651734697260028
180.72020748372623	0.699400873186331
198.79222823209884	0.7332889728288857
218.67145105530872	0.7676767338124345
240.53859616083955	0.8000751083878883
264.5924557769235 	0.8297400954668334
291.05170135461583	0.8558467112452947
320.1568714900774 	0.8774923690745402
352.1725586390851 	0.8937026624317217
387.38981450299354	0.9089962377595886
426.12879595329287	0.9201115147965774
468.7416755486221 	0.9241530436727046
515.6158431034843 	0.9201175957819699
567.1774274138327 	0.9074645463696236
623.8951701552159 	0.897319350336437
686.2846871707374 	0.878194243529711
754.9131558878111 	0.8492805953598216
830.4044714765921 	0.8142121163908254
913.4449186242512 	0.7816848509078371
1004.7894104866762	0.7396722680937887
1105.2683515353438	0.6879385752816456
1215.795186688878 	0.6462798127672871
1337.3747053577656	0.596304671842943
1471.1121758935421	0.5398649190551926
1618.2233934828962	0.494637616992639
1780.0457328311857	0.4427732606344425
1958.050306114304 	0.3927842251874219
2153.855336725734 	0.3492456288785454
2369.2408703983074	0.3008542588195969
2606.164957438138 	0.2644452041107367
2866.7814531819513	0.22636841958949766
3153.459598500146 	0.1928527271758165
3468.8055583501637	0.16422707308625736
3815.686114185183 	0.13607551777045163
4197.254725603705 	0.11541499843874577
4616.9801981640785	0.09342879908649755
5078.67821798049  	0.0790262650147812
5586.546039778545 	0.06382220139933883
6145.200643756403 	0.05306384006931147
6759.720708132049 	0.042827583450082765
7435.69277894526  	0.03517440378171937
8179.262056839792 	0.028409299056349247
8997.18826252378  	0.023155830364173173
9896.907088776165 	0.018730570554965773
10886.59779765379 	0.015207005757907247
11975.25757741918 	0.012318244547260548
13172.783335161108	0.009979808922028465
14490.06166867723 	0.008078785667049967
15939.067835544965	0.006504188454453616
17532.974619099474	0.005196239540277945
19286.27208100944 	0.00412537302414374
21214.8992891104  	0.0032400213073200384
23336.389218021457	0.0025407131468969963
25670.028139823626	0.001973269711754956
28237.03095380601 	0.0015383781252806875
31060.734049186634	0.0011845484543191547
34166.80745410533 	0.0009216474742055941
37583.48819951589 	0.0007046160631687614
41341.83701946751 	0.0005485745775327973
45476.020721414294	0.000416717576578727
50023.62279355577 	0.00032520549598715506
55025.98507291139 	0.00024552000433916975
60528.583580202576	0.00019228709977192423
66581.44193822288 	0.00014426582846924365
73239.58613204522 	0.00011348640211927666
80563.54474524982 	0.00008459068711448048
88619.89921977487 	0.00006688253054679915
97481.88914175243 	0.00004977275197931065
107230.07805592776	0.000039366951678300864
117953.08586152064	0.000029398462197958
129748.3944476728 	0.000023144097822549473
142723.23389244018	0.000017349719369996757
156995.55728168433	0.00001359225182775139
172695.1130098529 	0.000010231432033636892
189964.62431083835	0.000007974700970934747
208961.08674192237	0.000006029426380532143
229857.19541611476	0.000004674417243329536
252842.91495772646	0.000003550869841687697
278127.2064534993 	0.0000027374512544923697
305939.9270988495 	0.000002089915180414865
336533.91980873473	0.0000016016972752231898
370187.3117896085 	0.0000012293405088262944
407206.0429685697 	9.3635552609497e-7
447926.647265427  	7.227407046671493e-7
492719.31199197005	5.469320746325511e-7
541991.2431911675 	4.246907351408256e-7
596190.3675102848 	3.192052163065875e-7
655809.4042613137 	2.4943302784519796e-7
721390.3446874457 	1.8613656855348242e-7
793529.3791561909 	1.4642375956665846e-7
872882.3170718106 	1.0869160327255884e-7
960170.5487789925 	8.590875669334278e-8
1056187.6036568927	6.404855487729503e-8
1161806.3640225828	5.0376240745304235e-8
1277987.0004248421	3.772862334462511e-8
1405785.7004673274	2.9523315994726592e-8
1546364.2705140612	2.221611198908591e-8
1701000.6975654687	1.7291907883999232e-8
1871100.767322017 	1.3076796161431807e-8
2058210.8440542205	1.0121652745245752e-8
2264031.9284596443	7.694263608528147e-9
2490435.121305611 	5.9208099151160395e-9
2739478.633436174 	4.525463728759919e-9
3013426.496779794 	3.4611581913557714e-9
3314769.146457776 	2.660638164432612e-9
3646246.0611035563	2.0219079318958005e-9
4010870.6672139154	1.5636361183341272e-9
4411957.7339353105	1.180316707593323e-9
4853153.507328846 	9.185705500692965e-10
5338468.858061734 	6.885003925735814e-10
5872315.743867912 	5.393790309438818e-10
6459547.318254708 	4.0128443397196747e-10
7105502.050080185 	3.165679032119874e-10
7816052.255088209 	2.3545698257511113e-10
8597657.480597038 	1.8570063985785718e-10
9457423.228656748 	1.3874039970348013e-10
10403165.551522432	1.08872566854224e-10
11443482.106674684	8.172151666106777e-11
12587830.317342162	6.379269883038974e-11
13846613.34907639 	4.811809716131815e-11
15231274.683984041	3.735608272889313e-11
16754402.152382458	2.8321477494233632e-11
18429842.367620718	2.1861538021145e-11
20272826.604382806	1.6663136048586607e-11
22300109.264821105	1.2785489184547619e-11
24530120.191303235	9.7999648823617e-12
26983132.21043358 	7.472357983779885e-12
29681445.43147696 	5.76125755770525e-12
32649589.974624686	4.3641273160910204e-12
35914548.97208718 	3.3856305280592236e-12
39506003.86929593 	2.5469758952233347e-12
43456604.256225556	1.9887437119351007e-12
47802264.68184815 	1.4852676154847656e-12
52582491.15003301 	1.1676524453119282e-12
57840740.26503636 	8.666889073500632e-13
63624814.29154004 	6.852210252761548e-13
69987295.72069411 	5.108418803978984e-13
76986025.29276358 	4.0189315379095685e-13
84684627.82204    	3.0099094339170756e-13
93153090.60424407 	2.355822764822002e-13