GCR Energy Spectrum (2012.13661201 1)
Energy (MeV)      	Differential Intensity (m⁻² s⁻¹ sr⁻¹ MeV⁻¹)
3.0000000000000004	0.02056597027952455
3.3000000000000007	0.02257913310101708
3.6300000000000012	0.024787037934221906
3.993000000000002 	0.027208041100450976
4.392300000000002 	0.029862128749574928
4.831530000000003 	0.03277104035246651
5.314683000000005 	0.0359583968788054
5.846151300000006 	0.03944983266111917
6.430766430000007 	0.04327312957618066
7.073843073000009 	0.04745835172266595
7.781227380300009 	0.05203797822479485
8.55935011833001  	0.05704703112921576
9.41528513016301  	0.0625231945685273
10.35681364317931 	0.0685069204197216
11.392495007497239	0.07504151456819824
12.531744508246963	0.08217319657554496
13.784918959071657	0.08995112401946169
15.163410854978821	0.09842737100527905
16.679751940476702	0.10765684832115678
18.34772713452437 	0.11769715040841731
20.182499847976807	0.12860831173719534
22.200749832774484	0.14045245231941653
24.42082481605193 	0.1532932889757705
26.86290729765712 	0.16719548564239334
29.54919802742283 	0.18222381252697425
32.50411783016511 	0.1984420804109987
35.75452961318162 	0.2159118129997393
39.32998257449977 	0.23469061715657744
43.26298083194975 	0.2548302084031692
47.58927891514472 	0.27637404757903317
52.348206806659185	0.2993545444753547
57.583027487325104	0.32378978611786724
63.34133023605761 	0.34985063391436955
69.67546325966336 	0.37766852714626664
76.64300958562968 	0.4070012166939313
84.30731054419265 	0.43779232362130566
92.7380415986119  	0.46995091099028447
102.01184575847309	0.5033454830799066
112.21303033432038	0.537797580436136
123.43433336775242	0.5730750777334116
135.77776670452764	0.6088853321695328
149.35554337498039	0.6448683742056233
164.2910977124784 	0.6805903777820801
180.72020748372623	0.7155376907433068
198.79222823209884	0.7491117443421363
218.67145105530872	0.783959597018527
240.53859616083955	0.8169250175230457
264.5924557769235 	0.8470955756917218
291.05170135461583	0.8736347518076535
320.1568714900774 	0.8956286540259514
352.1725586390851 	0.9120921430785599
387.38981450299354	0.9260498956792802
426.12879595329287	0.9372394342073612
468.7416755486221 	0.9412496237595648
515.6158431034843 	0.9370725704904673
567.1774274138327 	0.9236929889298869
623.8951701552159 	0.9121242399206754
686.2846871707374 	0.8926216571760958
754.9131558878111 	0.8632361955800655
830.4044714765921 	0.826090387601407
913.4449186242512 	0.7930506026510444
1004.7894104866762	0.7504610257670374
1105.2683515353438	0.697853413539549
1215.795186688878 	0.6545504620364124
1337.3747053577656	0.6040053012747004
1471.1121758935421	0.5458960715955603
1618.2233934828962	0.5001951936350088
1780.0457328311857	0.4478471684586102
1958.050306114304 	0.3966047881632835
2153.855336725734 	0.35269952249978903
2369.2408703983074	0.3039450854111626
2606.164957438138 	0.26669082365138885
2866.7814531819513	0.22835954939792535
3153.459598500146 	0.19425187645180947
3468.8055583501637	0.16545725341270612
3815.686114185183 	0.13691470219576604
4197.254725603705 	0.11614725944497666
4616.9801981640785	0.09405410081322416
5078.67821798049  	0.07944866146586764
5586.546039778545 	0.06418414983091329
6145.200643756403 	0.05330159778747631
6759.720708132049 	0.04303014906714474
7435.69277894526  	0.03530596617961743
8179.262056839792 	0.028520843105583834
8997.18826252378  	0.023227920101553685
9896.907088776165 	0.018791440258389795
10886.59779765379 	0.015246378223638673
11975.25757741918 	0.012351370967674273
13172.783335161108	0.010001373274784075
14490.06166867723 	0.008096866631100399
15939.067835544965	0.006516223683305581
17532.974619099474	0.005206276006955681
19286.27208100944 	0.004131946271549511
21214.8992891104  	0.003245472063242034
23336.389218021457	0.0025441515248070157
25670.028139823626	0.001976109162963319
28237.03095380601 	0.00154013554421727
31060.734049186634	0.0011859949162782856
34166.80745410533 	0.000922533017424711
37583.48819951589 	0.0007053428914571378
41341.83701946751 	0.0005490169822078437
45476.020721414294	0.00041707981890051407
50023.62279355577 	0.0003254254004892643
55025.98507291139 	0.00024569967927420074
60528.583580202576	0.00019239608245956116
66581.44193822288 	0.0001443547006483013
73239.58613204522 	0.0001135403133614488
80563.54474524982 	0.00008463457056108245
88619.89921977487 	0.00006690916659959407
97481.88914175243 	0.000049788757657733324
107230.07805592776	0.0000393801005081466
117953.08586152064	0.000029406367743352072
129748.3944476728 	0.000023150583223729982
142723.23389244018	0.000017353621275368212
156995.55728168433	0.000013595448504367752
172695.1130098529 	0.000010233356803083918
189964.62431083835	0.000007976275808927596
208961.08674192237	0.000006030375371940431
229857.19541611476	0.000004675192720657971
252842.91495772646	0.000003551337540508732
278127.2064534993 	0.000002737832964028825
305939.9270988495 	0.0000020901455990417486
336533.91980873473	0.0000016018850992683937
370187.3117896085 	0.0000012294539925452074
407206.0429685697 	9.36447919056627e-7
447926.647265427  	7.227965834109439e-7
492719.31199197005	5.469775133038882e-7
541991.2431911675 	4.247182436050739e-7
596190.3675102848 	3.192275582064272e-7
655809.4042613137 	2.494465687218184e-7
721390.3446874457 	1.8614755283187389e-7
793529.3791561909 	1.464304241834408e-7
872882.3170718106 	1.0869560651566177e-7
960170.5487789925 	8.591203651407419e-8
1056187.6036568927	6.405052674359414e-8
1161806.3640225828	5.037785463164248e-8
1277987.0004248421	3.77295945470447e-8
1405785.7004673274	2.9524110062664684e-8
1546364.2705140612	2.221659027805671e-8
1701000.6975654687	1.7292298532452305e-8
1871100.767322017 	1.30770316826236e-8
2058210.8440542205	1.0121844907399911e-8
2264031.9284596443	7.694379574037057e-9
2490435.121305611 	5.920904430538578e-9
2739478.633436174 	4.5255208230539535e-9
3013426.496779794 	3.4612046745150983e-9
3314769.146457776 	2.6606662719785033e-9
3646246.0611035563	2.0219307903937974e-9
4010870.6672139154	1.5636499545024163e-9
4411957.7339353105	1.1803279473189322e-9
4853153.507328846 	9.185773610641826e-10
5338468.858061734 	6.885059191397029e-10
5872315.743867912 	5.393823835225822e-10
6459547.318254708 	4.012871511584225e-10
7105502.050080185 	3.1656955335811685e-10
7816052.255088209 	2.3545797456788184e-10
8597657.480597038 	1.8570145199942384e-10
9457423.228656748 	1.387408883584999e-10
10403165.551522432	1.0887296651993076e-10
11443482.106674684	8.1721757349517e-11
12587830.317342162	6.379289548930184e-11
13846613.34907639 	4.8118215702284813e-11
15231274.683984041	3.735617948603611e-11
16754402.152382458	2.832153587131215e-11
18429842.367620718	2.1861585620970114e-11
20272826.604382806	1.6663164795083085e-11
22300109.264821105	1.2785512599209953e-11
24530120.191303235	9.799979036844405e-12
26983132.21043358 	7.472369500489357e-12
29681445.43147696 	5.761264526578608e-12
32649589.974624686	4.36413298005766e-12
35914548.97208718 	3.385633959004153e-12
39506003.86929593 	2.5469786806160456e-12
43456604.256225556	1.9887454010625302e-12
47802264.68184815 	1.4852689852256477e-12
52582491.15003301 	1.1676532768385233e-12
57840740.26503636 	8.66689407092761e-13
63624814.29154004 	6.852214345997009e-13
69987295.72069411 	5.108421266131471e-13
76986025.29276358 	4.0189335526184914e-13
84684627.82204    	3.0099106468647047e-13
93153090.60424407 	2.3558237563587753e-13