GCR Energy Spectrum (2012.43431237 1)
Energy (MeV)      	Differential Intensity (m⁻² s⁻¹ sr⁻¹ MeV⁻¹)
3.0000000000000004	0.016782447940421576
3.3000000000000007	0.018424852065583627
3.6300000000000012	0.020226155991578995
3.993000000000002 	0.022201352504469408
4.392300000000002 	0.024366769655332063
4.831530000000003 	0.026740172896548738
5.314683000000005 	0.029340871333490656
5.846151300000006 	0.03218982732984863
6.430766430000007 	0.035309768410834386
7.073843073000009 	0.03872530004758971
7.781227380300009 	0.04246301746627291
8.55935011833001  	0.04655161409270715
9.41528513016301  	0.05102198360273946
10.35681364317931 	0.05591866023178352
11.392495007497239	0.06127120731615394
12.531744508246963	0.06711670769510848
13.784918959071657	0.07349656393133498
15.163410854978821	0.08045482044319631
16.679751940476702	0.0880381472207686
18.34772713452437 	0.09629577192969274
20.182499847976807	0.10527934724774954
22.200749832774484	0.11504273798769682
24.42082481605193 	0.1256417100227406
26.86290729765712 	0.13713350026546853
29.54919802742283 	0.14957624399393984
32.50411783016511 	0.16302823273230344
35.75452961318162 	0.17754697277328493
39.32998257449977 	0.1931880114130256
43.26298083194975 	0.2100034952423871
47.58927891514472 	0.22804042264991192
52.348206806659185	0.2473385513550609
57.583027487325104	0.26792792169550333
63.34133023605761 	0.2898259580052448
69.67546325966336 	0.3130341142806598
76.64300958562968 	0.33753403703880636
84.30731054419265 	0.36328322846180494
92.7380415986119  	0.3902102072218973
102.01184575847309	0.4182091833579011
112.21303033432038	0.447134287642544
123.43433336775242	0.4767934252110022
135.77776670452764	0.5069418576161047
149.35554337498039	0.5379952620439901
164.2910977124784 	0.5701260271125281
180.72020748372623	0.6021105446451687
198.79222823209884	0.6335089734966853
218.67145105530872	0.6638078679571126
240.53859616083955	0.6924167123347311
264.5924557769235 	0.7186657997223496
291.05170135461583	0.7418057596790456
320.1568714900774 	0.762528662569893
352.1725586390851 	0.7829800318308813
387.38981450299354	0.7988575023000388
426.12879595329287	0.8092729990690263
468.7416755486221 	0.8132931180205654
515.6158431034843 	0.8100989347021543
567.1774274138327 	0.8090717546539551
623.8951701552159 	0.8005494096177249
686.2846871707374 	0.7836915710103444
754.9131558878111 	0.7576759673939282
830.4044714765921 	0.7359437085160696
913.4449186242512 	0.7066357636925686
1004.7894104866762	0.668286409545911
1105.2683515353438	0.6294496903410188
1215.795186688878 	0.5912420264665439
1337.3747053577656	0.5449609016309165
1471.1121758935421	0.49951142492268197
1618.2233934828962	0.45738394507727315
1780.0457328311857	0.40870213514793674
1958.050306114304 	0.36704593168934213
2153.855336725734 	0.3259393120439293
2369.2408703983074	0.2822023335489215
2606.164957438138 	0.2492239693025116
2866.7814531819513	0.2128531915153427
3153.459598500146 	0.18333024553330216
3468.8055583501637	0.1558438475641467
3815.686114185183 	0.1303430744135598
4197.254725603705 	0.11040715357072398
4616.9801981640785	0.09008884108315346
5078.67821798049  	0.07612840416136657
5586.546039778545 	0.061336730037114214
6145.200643756403 	0.05142814587011789
6759.720708132049 	0.04143284686146982
7435.69277894526  	0.034267090023373845
8179.262056839792 	0.02763948068234306
8997.18826252378  	0.022657615452393948
9896.907088776165 	0.018309629777710033
10886.59779765379 	0.01493440648022032
11975.25757741918 	0.012088763532164771
13172.783335161108	0.009830275060697719
14490.06166867723 	0.007953346967018864
15939.067835544965	0.006420626063961204
17532.974619099474	0.005126526766793838
19286.27208100944 	0.004079684618463834
21214.8992891104  	0.0032021221446440723
23336.389218021457	0.0025167917598353236
25670.028139823626	0.0019535095465654565
28237.03095380601 	0.001526141692576685
31060.734049186634	0.0011744747287862748
34166.80745410533 	0.0009154775066062653
37583.48819951589 	0.0006995509202492557
41341.83701946751 	0.0005454903940846176
45476.020721414294	0.000414191815853873
50023.62279355577 	0.00032367171865141993
55025.98507291139 	0.000244266643328632
60528.583580202576	0.00019152666904630606
66581.44193822288 	0.00014364564766951177
73239.58613204522 	0.00011311010846626278
80563.54474524982 	0.00008428435670931957
88619.89921977487 	0.00006669656229427718
97481.88914175243 	0.00004966098572646669
107230.07805592776	0.000039275127453970425
117953.08586152064	0.00002934324701402217
129748.3944476728 	0.00002309879853672464
142723.23389244018	0.000017322462345950226
156995.55728168433	0.00001356992004218621
172695.1130098529 	0.000010217984493413716
189964.62431083835	0.000007963697769071684
208961.08674192237	0.000006022795390929604
229857.19541611476	0.000004668998470709529
252842.91495772646	0.000003547601514556703
278127.2064534993 	0.00000273478374933293
305939.9270988495 	0.0000020883048584537763
336533.91980873473	0.0000016003846006800154
370187.3117896085 	0.0000012285473530134768
407206.0429685697 	9.35709763773289e-7
447926.647265427  	7.223501369355577e-7
492719.31199197005	5.466144730524826e-7
541991.2431911675 	4.2449845401904953e-7
596190.3675102848 	3.190490467336714e-7
655809.4042613137 	2.493383748915762e-7
721390.3446874457 	1.8605978576516091e-7
793529.3791561909 	1.463771712776756e-7
872882.3170718106 	1.0866361852517578e-7
960170.5487789925 	8.58858288362663e-8
1056187.6036568927	6.403477017594242e-8
1161806.3640225828	5.036495848578109e-8
1277987.0004248421	3.7721833836039685e-8
1405785.7004673274	2.9517764768564855e-8
1546364.2705140612	2.221276829787555e-8
1701000.6975654687	1.7289176868842494e-8
1871100.767322017 	1.3075149623379967e-8
2058210.8440542205	1.0120309326337517e-8
2264031.9284596443	7.693452879756844e-9
2490435.121305611 	5.92014914419252e-9
2739478.633436174 	4.525064571919823e-9
3013426.496779794 	3.4608332180120705e-9
3314769.146457776 	2.6604416577986204e-9
3646246.0611035563	2.0217481222485005e-9
4010870.6672139154	1.5635393857116671e-9
4411957.7339353105	1.1802381272954364e-9
4853153.507328846 	9.185229321916049e-10
5338468.858061734 	6.884617544934493e-10
5872315.743867912 	5.393555918717037e-10
6459547.318254708 	4.0126543712858535e-10
7105502.050080185 	3.1655636640937735e-10
7816052.255088209 	2.354500471599728e-10
8597657.480597038 	1.8569496184800878e-10
9457423.228656748 	1.3873698331290381e-10
10403165.551522432	1.0886977262259338e-10
11443482.106674684	8.171983390412534e-11
12587830.317342162	6.379132390200175e-11
13846613.34907639 	4.811726838863157e-11
15231274.683984041	3.7355406256228525e-11
16754402.152382458	2.832106935343969e-11
18429842.367620718	2.186120522888954e-11
20272826.604382806	1.6662935068450448e-11
22300109.264821105	1.2785325481681424e-11
24530120.191303235	9.799865921678323e-12
26983132.21043358 	7.472277464990433e-12
29681445.43147696 	5.761208834971326e-12
32649589.974624686	4.364087716575061e-12
35914548.97208718 	3.385606540660823e-12
39506003.86929593 	2.5469564211892535e-12
43456604.256225556	1.988731902419536e-12
47802264.68184815 	1.485258038955108e-12
52582491.15003301 	1.1676466317000101e-12
57840740.26503636 	8.666854134018377e-13
63624814.29154004 	6.852181634924851e-13
69987295.72069411 	5.108401589847332e-13
76986025.29276358 	4.018917452076458e-13
84684627.82204    	3.009900953594799e-13
93153090.60424407 	2.3558158324928115e-13