GCR Energy Spectrum (2011.16569633 1)
Energy (MeV)      	Differential Intensity (m⁻² s⁻¹ sr⁻¹ MeV⁻¹)
3.0000000000000004	0.028056173859092627
3.3000000000000007	0.030800453755454774
3.6300000000000012	0.03380963672539722
3.993000000000002 	0.037108562560805546
4.392300000000002 	0.04072424798581722
4.831530000000003 	0.044686045248231186
5.314683000000005 	0.04902580513404998
5.846151300000006 	0.05377804267799654
6.430766430000007 	0.058980103278899965
7.073843073000009 	0.06467232624517025
7.781227380300009 	0.07089820197242706
8.55935011833001  	0.0777045179709046
9.41528513016301  	0.08514148779084936
10.35681364317931 	0.09326285551464947
11.392495007497239	0.10212596686893675
12.531744508246963	0.1117917961326874
13.784918959071657	0.1223249158544436
15.163410854978821	0.13379339392301037
16.679751940476702	0.14626859974791473
18.34772713452437 	0.15982489819550472
20.182499847976807	0.17453920650617089
22.200749832774484	0.19049038572155527
24.42082481605193 	0.2077584342405287
26.86290729765712 	0.2264269698025906
29.54919802742283 	0.24666792268492466
32.50411783016511 	0.26848903958198533
35.75452961318162 	0.29196758128419
39.32998257449977 	0.31717468461449005
43.26298083194975 	0.3441726674954952
47.58927891514472 	0.37301184183099456
52.348206806659185	0.40372678915307314
57.583027487325104	0.43633206024406385
63.34133023605761 	0.4708172701122417
69.67546325966336 	0.5071415745868798
76.64300958562968 	0.5452275351716637
84.30731054419265 	0.5849544053016661
92.7380415986119  	0.6261509041961242
102.01184575847309	0.6685875841158585
112.21303033432038	0.7119689425092831
123.43433336775242	0.755925481045965
135.77776670452764	0.8000059668124493
149.35554337498039	0.8450265749666978
164.2910977124784 	0.8903680051061832
180.72020748372623	0.9345452662607536
198.79222823209884	0.9768119932386844
218.67145105530872	1.0163247062479694
240.53859616083955	1.052143611662693
264.5924557769235 	1.0832360126638656
291.05170135461583	1.1107874931738204
320.1568714900774 	1.136618696498427
352.1725586390851 	1.1556105710450437
387.38981450299354	1.166602024350302
426.12879595329287	1.168400483424078
468.7416755486221 	1.1645734598579527
515.6158431034843 	1.1577281311404441
567.1774274138327 	1.1402294742711871
623.8951701552159 	1.1110833889627258
686.2846871707374 	1.0777582954090978
754.9131558878111 	1.0416537365057517
830.4044714765921 	0.9938240644986608
913.4449186242512 	0.9368923019740812
1004.7894104866762	0.8865127414544572
1105.2683515353438	0.8254691182939025
1215.795186688878 	0.7578480508183495
1337.3747053577656	0.699865362114464
1471.1121758935421	0.6330620525429972
1618.2233934828962	0.5687644463144975
1780.0457328311857	0.5102640350255162
1958.050306114304 	0.44508404597361473
2153.855336725734 	0.3948473384989127
2369.2408703983074	0.34156644657694873
2606.164957438138 	0.2938935331168158
2866.7814531819513	0.2524234333233951
3153.459598500146 	0.21108852155031477
3468.8055583501637	0.18022950630894755
3815.686114185183 	0.1473535533412239
4197.254725603705 	0.12489011134720726
4616.9801981640785	0.10158310597103284
5078.67821798049  	0.0844663187417292
5586.546039778545 	0.06847725589870143
6145.200643756403 	0.056113347410008195
6759.720708132049 	0.045422523746512025
7435.69277894526  	0.03685579591250635
8179.262056839792 	0.029833319029245586
8997.18826252378  	0.02407429833503491
9896.907088776165 	0.019505361338454187
10886.59779765379 	0.015707303456192506
11975.25757741918 	0.012738833501364902
13172.783335161108	0.0102532049489566
14490.06166867723 	0.008307859031396598
15939.067835544965	0.006656489613114495
17532.974619099474	0.005323172408968757
19286.27208100944 	0.004208424116966151
21214.8992891104  	0.0033088561015976676
23336.389218021457	0.002584096972709568
25670.028139823626	0.0020090817495895495
28237.03095380601 	0.0015605267201064456
31060.734049186634	0.0012027717685201946
34166.80745410533 	0.0009327969618544625
37583.48819951589 	0.000713764587085764
41341.83701946751 	0.0005541401067596342
45476.020721414294	0.0004212735458047186
50023.62279355577 	0.00032797001885388787
55025.98507291139 	0.00024777832662963386
60528.583580202576	0.00019365637863357946
66581.44193822288 	0.00014538224774639772
73239.58613204522 	0.00011416342515416217
80563.54474524982 	0.00008514170325808529
88619.89921977487 	0.00006721689377173181
97481.88914175243 	0.00004997362655745696
107230.07805592776	0.00003953195378179267
117953.08586152064	0.00002949764870012418
129748.3944476728 	0.000023225459028579286
142723.23389244018	0.000017398662204028945
156995.55728168433	0.000013632345681220378
172695.1130098529 	0.000010255570014610848
189964.62431083835	0.000007994449310090703
208961.08674192237	0.000006041325354823573
229857.19541611476	0.0000046841400936291695
252842.91495772646	0.000003556733264192437
278127.2064534993 	0.0000027422364439316324
305939.9270988495 	0.0000020928035362654968
336533.91980873473	0.0000016040516131407315
370187.3117896085 	0.0000012307629150190334
407206.0429685697 	9.375135463981272e-7
447926.647265427  	7.234410318092966e-7
492719.31199197005	5.475015427366732e-7
541991.2431911675 	4.2503547458427326e-7
596190.3675102848 	3.1948520213109447e-7
655809.4042613137 	2.4960271413568616e-7
721390.3446874457 	1.8627421479301096e-7
793529.3791561909 	1.465072726819695e-7
872882.3170718106 	1.0874176588458898e-7
960170.5487789925 	8.594985392906978e-8
1056187.6036568927	6.407326247588904e-8
1161806.3640225828	5.0396462616435584e-8
1277987.0004248421	3.774079221575676e-8
1405785.7004673274	2.9533265336257875e-8
1546364.2705140612	2.2222104660963915e-8
1701000.6975654687	1.7296802437292233e-8
1871100.767322017 	1.3079747041029769e-8
2058210.8440542205	1.0124060358566829e-8
2264031.9284596443	7.695716533450389e-9
2490435.121305611 	5.9219940873032e-9
2739478.633436174 	4.526179049961845e-9
3013426.496779794 	3.4617405657210778e-9
3314769.146457776 	2.660990313372414e-9
3646246.0611035563	2.0221943165104363e-9
4010870.6672139154	1.5638094648825286e-9
4411957.7339353105	1.1804575241975152e-9
4853153.507328846 	9.186558810073567e-10
5338468.858061734 	6.885696315030356e-10
5872315.743867912 	5.394210331525134e-10
6459547.318254708 	4.0131847571366894e-10
7105502.050080185 	3.1658857667409093e-10
7816052.255088209 	2.3546941048283595e-10
8597657.480597038 	1.857108145342288e-10
9457423.228656748 	1.3874652165875518e-10
10403165.551522432	1.0887757392971553e-10
11443482.106674684	8.172453203797893e-11
12587830.317342162	6.379516259691084e-11
13846613.34907639 	4.811958225425852e-11
15231274.683984041	3.735729491092758e-11
16754402.152382458	2.8322208846381065e-11
18429842.367620718	2.1862134354693838e-11
20272826.604382806	1.6663496186039307e-11
22300109.264821105	1.2785782524366993e-11
24530120.191303235	9.800142210106125e-12
26983132.21043358 	7.472502265362991e-12
29681445.43147696 	5.761344863827775e-12
32649589.974624686	4.364198274300395e-12
35914548.97208718 	3.385673510929093e-12
39506003.86929593 	2.5470107906052115e-12
43456604.256225556	1.988764873300559e-12
47802264.68184815 	1.485284775575251e-12
52582491.15003301 	1.1676628626581566e-12
57840740.26503636 	8.66695168112514e-13
63624814.29154004 	6.852261532690042e-13
69987295.72069411 	5.108449649739362e-13
76986025.29276358 	4.018956778108465e-13
84684627.82204    	3.009924629675636e-13
93153090.60424407 	2.3558351867527006e-13