GCR Energy Spectrum (2013.62728309 1)
Energy (MeV)      	Differential Intensity (m⁻² s⁻¹ sr⁻¹ MeV⁻¹)
3.0000000000000004	0.02026591580431884
3.3000000000000007	0.022249684344313354
3.6300000000000012	0.024425355468811798
3.993000000000002 	0.026811019528605578
4.392300000000002 	0.029426373516823024
4.831530000000003 	0.03229284290406068
5.314683000000005 	0.03543370812078655
5.846151300000006 	0.03887423470799636
6.430766430000007 	0.04264180579355676
7.073843073000009 	0.046766055106913076
7.781227380300009 	0.05127899820456809
8.55935011833001  	0.05621515892682961
9.41528513016301  	0.061611687324862795
10.35681364317931 	0.06750846436644063
11.392495007497239	0.07394818762786413
12.531744508246963	0.08097643088619857
13.784918959071657	0.08864166901778851
15.163410854978821	0.09699525786427
16.679751940476702	0.10609135672652088
18.34772713452437 	0.11598677887509767
20.182499847976807	0.1267407529147382
22.200749832774484	0.13841457501338744
24.42082481605193 	0.15107112892132443
26.86290729765712 	0.1647742474030815
29.54919802742283 	0.17958788525207972
32.50411783016511 	0.19557507056000678
35.75452961318162 	0.2127965975207687
39.32998257449977 	0.2313094209694342
43.26298083194975 	0.2511647103637314
47.58927891514472 	0.2724055193595384
52.348206806659185	0.29506402694657113
57.583027487325104	0.31919394315161675
63.34133023605761 	0.3451278119965853
69.67546325966336 	0.37258622563437055
76.64300958562968 	0.4015426461494985
84.30731054419265 	0.43194189443630565
92.7380415986119  	0.4636946765986255
102.01184575847309	0.4966716335562537
112.21303033432038	0.5306969822829161
123.43433336775242	0.5655418526333881
135.77776670452764	0.6009174640009562
149.35554337498039	0.6364683297811361
164.2910977124784 	0.6717657227477567
180.72020748372623	0.7063016780983601
198.79222823209884	0.7399899448874555
218.67145105530872	0.7746424656917706
240.53859616083955	0.8072843012303728
264.5924557769235 	0.8371665426483219
291.05170135461583	0.8634592602430761
320.1568714900774 	0.8852550158034693
352.1725586390851 	0.9015747917239746
387.38981450299354	0.9162985247321497
426.12879595329287	0.9274467019597918
468.7416755486221 	0.9314759276914267
515.6158431034843 	0.9273809482289858
567.1774274138327 	0.9141480167414402
623.8951701552159 	0.9036644226597501
686.2846871707374 	0.8843785179459176
754.9131558878111 	0.8552635681204898
830.4044714765921 	0.8193059398937708
913.4449186242512 	0.786559650630593
1004.7894104866762	0.7443003004764377
1105.2683515353438	0.6920553126864069
1215.795186688878 	0.6498291441988494
1337.3747053577656	0.5996098523829686
1471.1121758935421	0.5424542039738862
1618.2233934828962	0.4970239111891328
1780.0457328311857	0.4449521587005647
1958.050306114304 	0.39442528269316696
2153.855336725734 	0.3507293677757673
2369.2408703983074	0.30218217778830586
2606.164957438138 	0.26541020128217424
2866.7814531819513	0.2272241438856437
3153.459598500146 	0.1934541530996685
3468.8055583501637	0.16475591668354198
3815.686114185183 	0.13643633789691456
4197.254725603705 	0.11572987159069549
4616.9801981640785	0.09369407119656657
5078.67821798049  	0.07920793734325744
5586.546039778545 	0.06397788556588785
6145.200643756403 	0.0531661199334735
6759.720708132049 	0.042914729380772884
7435.69277894526  	0.035231009886226274
8179.262056839792 	0.028457294568553126
8997.18826252378  	0.023186852430927204
9896.907088776165 	0.018756765550406992
10886.59779765379 	0.015223950946486955
11975.25757741918 	0.012332502117672273
13172.783335161108	0.009989090851225903
14490.06166867723 	0.00808656850922719
15939.067835544965	0.006509369241739932
17532.974619099474	0.00520056004796493
19286.27208100944 	0.0041282028189923246
21214.8992891104  	0.0032423679243184776
23336.389218021457	0.002542193473823947
25670.028139823626	0.001974492207237473
28237.03095380601 	0.001539134791064283
31060.734049186634	0.0011851712465841598
34166.80745410533 	0.0009220287678032975
37583.48819951589 	0.0007049290224017352
41341.83701946751 	0.000548765074081071
45476.020721414294	0.000416873557603338
50023.62279355577 	0.0003253001886524852
55025.98507291139 	0.000245597374595031
60528.583580202576	0.00019233402994330668
66581.44193822288 	0.00014430409896135156
73239.58613204522 	0.00011350961795563382
80563.54474524982 	0.00008460958480392993
88619.89921977487 	0.00006689400107763963
97481.88914175243 	0.000049779644729832855
107230.07805592776	0.000039372614175117985
117953.08586152064	0.000029401866724551865
129748.3944476728 	0.00002314689077616985
142723.23389244018	0.00001735139974794608
156995.55728168433	0.000013593628500094627
172695.1130098529 	0.000010232260955141911
189964.62431083835	0.000007975379193027737
208961.08674192237	0.000006029835076800152
229857.19541611476	0.000004674751214224072
252842.91495772646	0.0000035510712640770645
278127.2064534993 	0.0000027376156444963705
305939.9270988495 	0.0000020900144146690085
336533.91980873473	0.0000016017781654365258
370187.3117896085 	0.0000012293893830317023
407206.0429685697 	9.363953171698006e-7
447926.647265427  	7.227647701483339e-7
492719.31199197005	5.469516438770741e-7
541991.2431911675 	4.2470258234100777e-7
596190.3675102848 	3.192148384075831e-7
655809.4042613137 	2.4943885957481496e-7
721390.3446874457 	1.8614129922162948e-7
793529.3791561909 	1.4642662986336268e-7
872882.3170718106 	1.0869332737923386e-7
960170.5487789925 	8.591016923920112e-8
1056187.6036568927	6.404940411717392e-8
1161806.3640225828	5.0376935811378516e-8
1277987.0004248421	3.772904162095605e-8
1405785.7004673274	2.9523657983134562e-8
1546364.2705140612	2.2216317978268553e-8
1701000.6975654687	1.7292076128281533e-8
1871100.767322017 	1.3076897595644867e-8
2058210.8440542205	1.0121735505623106e-8
2264031.9284596443	7.69431355256773e-9
2490435.121305611 	5.920850621039832e-9
2739478.633436174 	4.525488318154086e-9
3013426.496779794 	3.461178210746121e-9
3314769.146457776 	2.6606502698088895e-9
3646246.0611035563	2.021917776610332e-9
4010870.6672139154	1.563642077306929e-9
4411957.7339353105	1.1803215483286311e-9
4853153.507328846 	9.185734834355412e-10
5338468.858061734 	6.885027727610003e-10
5872315.743867912 	5.393804748363654e-10
6459547.318254708 	4.0128560421309117e-10
7105502.050080185 	3.165686138990261e-10
7816052.255088209 	2.354574098078862e-10
8597657.480597038 	1.8570098963210029e-10
9457423.228656748 	1.387406101581197e-10
10403165.551522432	1.0887273898282942e-10
11443482.106674684	8.172162032112869e-11
12587830.317342162	6.379278352774789e-11
13846613.34907639 	4.811814821472535e-11
15231274.683984041	3.735612440041125e-11
16754402.152382458	2.8321502636167038e-11
18429842.367620718	2.1861558521514603e-11
20272826.604382806	1.666314842917484e-11
22300109.264821105	1.2785499268813079e-11
24530120.191303235	9.799970978438022e-12
26983132.21043358 	7.472362943815652e-12
29681445.43147696 	5.761260559071476e-12
32649589.974624686	4.36412975545788e-12
35914548.97208718 	3.385632005704475e-12
39506003.86929593 	2.5469770948410733e-12
43456604.256225556	1.9887444394114557e-12
47802264.68184815 	1.485268205407158e-12
52582491.15003301 	1.1676528034352584e-12
57840740.26503636 	8.666891225801305e-13
63624814.29154004 	6.852212015643449e-13
69987295.72069411 	5.108419864383207e-13
76986025.29276358 	4.0189324056080194e-13
84684627.82204    	3.0099099563115415e-13
93153090.60424407 	2.355823191858822e-13