GCR Energy Spectrum (2011.01643834 1)
Energy (MeV)      	Differential Intensity (m⁻² s⁻¹ sr⁻¹ MeV⁻¹)
3.0000000000000004	0.03830227544469309
3.3000000000000007	0.042045781840291604
3.6300000000000012	0.04614982400876326
3.993000000000002 	0.05064801870060768
4.392300000000002 	0.05557688689803725
4.831530000000003 	0.06097605603396966
5.314683000000005 	0.06688846544378843
5.846151300000006 	0.07336057218839703
6.430766430000007 	0.08044282164409032
7.073843073000009 	0.0881962591949402
7.781227380300009 	0.09667392289363168
8.55935011833001  	0.10593870807476372
9.41528513016301  	0.11605798491071473
10.35681364317931 	0.12710370338534702
11.392495007497239	0.13915244673750862
12.531744508246963	0.1522854179755445
13.784918959071657	0.16658834116173443
15.163410854978821	0.182151255902816
16.679751940476702	0.19906817986302844
18.34772713452437 	0.2174366101629059
20.182499847976807	0.23735683029144194
22.200749832774484	0.25893098472902554
24.42082481605193 	0.2822618789889254
26.86290729765712 	0.30745145843085775
29.54919802742283 	0.3345989152489452
32.50411783016511 	0.36379836984204933
35.75452961318162 	0.3951360707897415
39.32998257449977 	0.4286870574432422
43.26298083194975 	0.46451123137127
47.58927891514472 	0.5026487883577382
52.348206806659185	0.543114972203481
57.583027487325104	0.585894126163905
63.34133023605761 	0.6309330383798757
69.67546325966336 	0.6781336049594753
76.64300958562968 	0.7273448690616465
84.30731054419265 	0.7783545366758944
92.7380415986119  	0.8308801195019562
102.01184575847309	0.8848966226886136
112.21303033432038	0.9406720814923818
123.43433336775242	0.9969430193190373
135.77776670452764	1.0531139406886838
149.35554337498039	1.108484534001985
164.2910977124784 	1.1622450171850944
180.72020748372623	1.213473562872218
198.79222823209884	1.2611362584493022
218.67145105530872	1.3047145378312166
240.53859616083955	1.3475569433491834
264.5924557769235 	1.384287355670206
291.05170135461583	1.4136194030308125
320.1568714900774 	1.434206209159233
352.1725586390851 	1.4446583716187384
387.38981450299354	1.4533708173485598
426.12879595329287	1.4527389391091414
468.7416755486221 	1.439878363587673
515.6158431034843 	1.4135888041436886
567.1774274138327 	1.385884971229426
623.8951701552159 	1.3487631099339978
686.2846871707374 	1.2976084813383963
754.9131558878111 	1.2388908115302035
830.4044714765921 	1.1811509316940632
913.4449186242512 	1.1101660350891402
1004.7894104866762	1.033196054850589
1105.2683515353438	0.9621766376667029
1215.795186688878 	0.8797981215177131
1337.3747053577656	0.8008189173355093
1471.1121758935421	0.7253698992478083
1618.2233934828962	0.6410061928565978
1780.0457328311857	0.5746069398827202
1958.050306114304 	0.5027866639630456
2153.855336725734 	0.4376765551359251
2369.2408703983074	0.3796192791366243
2606.164957438138 	0.32117667776104153
2866.7814531819513	0.2764570764983756
3153.459598500146 	0.2287596630132555
3468.8055583501637	0.19481600314896466
3815.686114185183 	0.15996478302361392
4197.254725603705 	0.13343566297815895
4616.9801981640785	0.10891973509618244
5078.67821798049  	0.08932678394054251
5586.546039778545 	0.07262462876892599
6145.200643756403 	0.058815562637565134
6759.720708132049 	0.04771623251715305
7435.69277894526  	0.03833502669803395
8179.262056839792 	0.031083400996295522
8997.18826252378  	0.024877326515469513
9896.907088776165 	0.020181490251340695
10886.59779765379 	0.01614239417446742
11975.25757741918 	0.013104006573652766
13172.783335161108	0.010489893835183398
14490.06166867723 	0.008505898003936842
15939.067835544965	0.006787851725896846
17532.974619099474	0.0054325243874805435
19286.27208100944 	0.004279831192244023
21214.8992891104  	0.003367981391267075
23336.389218021457	0.0026212965685382767
25670.028139823626	0.002039763368909295
28237.03095380601 	0.0015794740114806374
31060.734049186634	0.0012183502737537866
34166.80745410533 	0.0009423161993351239
37583.48819951589 	0.000721570887238062
41341.83701946751 	0.0005588840016355855
45476.020721414294	0.0004251550328489665
50023.62279355577 	0.0003303231482406879
55025.98507291139 	0.00024969980525152473
60528.583580202576	0.0001948205391093567
66581.44193822288 	0.0001463311073023191
73239.58613204522 	0.0001147384713303591
80563.54474524982 	0.00008560959150030913
88619.89921977487 	0.00006750066340531697
97481.88914175243 	0.00005014402924615218
107230.07805592776	0.00003967189433876234
117953.08586152064	0.00002958173844420089
129748.3944476728 	0.000023294423778208205
142723.23389244018	0.000017440134900125452
156995.55728168433	0.000013666314791820126
172695.1130098529 	0.000010276015305691626
189964.62431083835	0.00000801117437092068
208961.08674192237	0.000006051400504878692
229857.19541611476	0.000004692371801629139
252842.91495772646	0.0000035616965374853695
278127.2064534993 	0.0000027462866623764388
305939.9270988495 	0.000002095247888671235
336533.91980873473	0.0000016060438951607142
370187.3117896085 	0.0000012319664270806868
407206.0429685697 	9.384933010488128e-7
447926.647265427  	7.240334877762144e-7
492719.31199197005	5.479832723858853e-7
541991.2431911675 	4.253270739335836e-7
596190.3675102848 	3.1972201985027986e-7
655809.4042613137 	2.497462276784112e-7
721390.3446874457 	1.8639062635885804e-7
793529.3791561909 	1.465778978932156e-7
872882.3170718106 	1.0878418508822164e-7
960170.5487789925 	8.598460623292483e-8
1056187.6036568927	6.409415460071732e-8
1161806.3640225828	5.0413561353302835e-8
1277987.0004248421	3.775108131194325e-8
1405785.7004673274	2.9541677612723623e-8
1546364.2705140612	2.222717137707593e-8
1701000.6975654687	1.730094064948987e-8
1871100.767322017 	1.3082241866960031e-8
2058210.8440542205	1.0126095854513224e-8
2264031.9284596443	7.696944870541688e-9
2490435.121305611 	5.922995204496071e-9
2739478.633436174 	4.526783782822582e-9
3013426.496779794 	3.4622329012250136e-9
3314769.146457776 	2.66128801346039e-9
3646246.0611035563	2.0224364190386e-9
4010870.6672139154	1.5639560060227926e-9
4411957.7339353105	1.1805765649924108e-9
4853153.507328846 	9.187280156816747e-10
5338468.858061734 	6.886281624985657e-10
5872315.743867912 	5.394565393390144e-10
6459547.318254708 	4.0134725248315837e-10
7105502.050080185 	3.166060526091811e-10
7816052.255088209 	2.3547991612573003e-10
8597657.480597038 	1.8571941543469242e-10
9457423.228656748 	1.3875169667011673e-10
10403165.551522432	1.088818065004577e-10
11443482.106674684	8.172708097960965e-11
12587830.317342162	6.379724525009226e-11
13846613.34907639 	4.812083761787672e-11
15231274.683984041	3.735831957856981e-11
16754402.152382458	2.832282706270777e-11
18429842.367620718	2.1862638438300644e-11
20272826.604382806	1.6663800611224412e-11
22300109.264821105	1.2786030485046765e-11
24530120.191303235	9.80029210526967e-12
26983132.21043358 	7.47262422648877e-12
29681445.43147696 	5.761418663511935e-12
32649589.974624686	4.364258255081394e-12
35914548.97208718 	3.3857098441814133e-12
39506003.86929593 	2.5470402875168564e-12
43456604.256225556	1.9887827608883225e-12
47802264.68184815 	1.485299280899371e-12
52582491.15003301 	1.1676716683714877e-12
57840740.26503636 	8.667004602889505e-13
63624814.29154004 	6.852304879218431e-13
69987295.72069411 	5.108475723405083e-13
76986025.29276358 	4.018978113432253e-13
84684627.82204    	3.0099374745127787e-13
93153090.60424407 	2.3558456868953393e-13