GCR Energy Spectrum (2012.88114753 1)
Energy (MeV)      	Differential Intensity (m⁻² s⁻¹ sr⁻¹ MeV⁻¹)
3.0000000000000004	0.021224629123169244
3.3000000000000007	0.02330231081808836
3.6300000000000012	0.025580965606047622
3.993000000000002 	0.028079533186366835
4.392300000000002 	0.030818633880466708
4.831530000000003 	0.033820695740878745
5.314683000000005 	0.037110086425049885
5.846151300000006 	0.04071324878992892
6.430766430000007 	0.04465883877983391
7.073843073000009 	0.04897786371137239
7.781227380300009 	0.05370381849031763
8.55935011833001  	0.05887281660956872
9.41528513016301  	0.06452371195607591
10.35681364317931 	0.07069820647760534
11.392495007497239	0.07744093760575976
12.531744508246963	0.08479953797713034
13.784918959071657	0.09282465841707027
15.163410854978821	0.10156994332859635
16.679751940476702	0.1110919455432814
18.34772713452437 	0.12144996532756842
20.182499847976807	0.13270579559054999
22.200749832774484	0.14492335241366786
24.42082481605193 	0.15816816684160007
26.86290729765712 	0.1725067104824839
29.54919802742283 	0.18800552394065903
32.50411783016511 	0.20473011356155987
35.75452961318162 	0.22274357857028212
39.32998257449977 	0.2421049276561523
43.26298083194975 	0.26286704168862546
47.58927891514472 	0.2850742379177235
52.348206806659185	0.3087593911741173
57.583027487325104	0.333940569787509
63.34133023605761 	0.3606171488183374
69.67546325966336 	0.3887996224680471
76.64300958562968 	0.418954222280277
84.30731054419265 	0.4506008881589576
92.7380415986119  	0.48364502057953335
102.01184575847309	0.5179503794311094
112.21303033432038	0.5533325801132263
123.43433336775242	0.5895523088549822
135.77776670452764	0.6263084126218433
149.35554337498039	0.6632310638052763
164.2910977124784 	0.6998752455716584
180.72020748372623	0.7357148471782431
198.79222823209884	0.7701376958470108
218.67145105530872	0.8042912284696438
240.53859616083955	0.837954625019519
264.5924557769235 	0.8687453555478806
291.05170135461583	0.8958126219102076
320.1568714900774 	0.9182285915085491
352.1725586390851 	0.9349949491069994
387.38981450299354	0.9472664726219191
426.12879595329287	0.9585358863517655
468.7416755486221 	0.9624944202588301
515.6158431034843 	0.9581286883259552
567.1774274138327 	0.944420324513409
623.8951701552159 	0.9304786418238727
686.2846871707374 	0.9104970041819108
754.9131558878111 	0.8805163625475516
830.4044714765921 	0.8407822663114982
913.4449186242512 	0.8070999741344911
1004.7894104866762	0.7637892147686588
1105.2683515353438	0.710391246097072
1215.795186688878 	0.6647511711568573
1337.3747053577656	0.6134976781090488
1471.1121758935421	0.5536543088497643
1618.2233934828962	0.5070354733491718
1780.0457328311857	0.4540890170286972
1958.050306114304 	0.4013004932962579
2153.855336725734 	0.3569425835253824
2369.2408703983074	0.3077404732729225
2606.164957438138 	0.26944604317675286
2866.7814531819513	0.23080155350426554
3153.459598500146 	0.1959665633584759
3468.8055583501637	0.1669643190141459
3815.686114185183 	0.13794207839732953
4197.254725603705 	0.11704344142275538
4616.9801981640785	0.0948269442839628
5078.67821798049  	0.0799651562608146
5586.546039778545 	0.06462661441259637
6145.200643756403 	0.05359209478236255
6759.720708132049 	0.04327759025647384
7435.69277894526  	0.0354666022442716
8179.262056839792 	0.028657009242256715
8997.18826252378  	0.023315888883207066
9896.907088776165 	0.01886570436808407
10886.59779765379 	0.015294398843530536
11975.25757741918 	0.0123917673599998
13172.783335161108	0.010027662911782255
14490.06166867723 	0.00811890665402286
15939.067835544965	0.006530890923596927
17532.974619099474	0.005218505997490345
19286.27208100944 	0.004139954627404638
21214.8992891104  	0.003252112233534123
23336.389218021457	0.0025483394977660373
25670.028139823626	0.0019795673646755565
28237.03095380601 	0.0015422756200387789
31060.734049186634	0.0011877562111206235
34166.80745410533 	0.0009236111744921212
37583.48819951589 	0.0007062277624747965
41341.83701946751 	0.0005495555287741653
45476.020721414294	0.00041752076203630895
50023.62279355577 	0.00032569305834372194
55025.98507291139 	0.00024591836304924906
60528.583580202576	0.00019252871652709227
66581.44193822288 	0.0001444628563501434
73239.58613204522 	0.00011360591830208416
80563.54474524982 	0.00008468797118422966
88619.89921977487 	0.00006694157767067602
97481.88914175243 	0.00004980823271881086
107230.07805592776	0.00003939609912844686
117953.08586152064	0.000029415986337042927
129748.3944476728 	0.000023158473802639752
142723.23389244018	0.00001735836845493702
156995.55728168433	0.000013599337623417294
172695.1130098529 	0.000010235698444127417
189964.62431083835	0.000007978191706115238
208961.08674192237	0.000006031529860088172
229857.19541611476	0.000004676136112099635
252842.91495772646	0.000003551906500194505
278127.2064534993 	0.0000027382973131412673
305939.9270988495 	0.000002090425898881129
336533.91980873473	0.0000016021135820484924
370187.3117896085 	0.0000012295920406828447
407206.0429685697 	9.365603105452018e-7
447926.647265427  	7.228645564606078e-7
492719.31199197005	5.47032786390612e-7
541991.2431911675 	4.2475170551753203e-7
596190.3675102848 	3.192547352896477e-7
655809.4042613137 	2.4946303996787726e-7
721390.3446874457 	1.8616091416616923e-7
793529.3791561909 	1.4643853101073431e-7
872882.3170718106 	1.0870047602862e-7
960170.5487789925 	8.591602605181441e-8
1056187.6036568927	6.405292528998356e-8
1161806.3640225828	5.037981773291103e-8
1277987.0004248421	3.7730775895461507e-8
1405785.7004673274	2.9525075947098904e-8
1546364.2705140612	2.2217172055145718e-8
1701000.6975654687	1.7292773705441376e-8
1871100.767322017 	1.3077318162801952e-8
2058210.8440542205	1.0122078646809673e-8
2264031.9284596443	7.694520630194508e-9
2490435.121305611 	5.921019395494191e-9
2739478.633436174 	4.525590270259546e-9
3013426.496779794 	3.461261214718175e-9
3314769.146457776 	2.660700460793457e-9
3646246.0611035563	2.0219585944737013e-9
4010870.6672139154	1.563666784194417e-9
4411957.7339353105	1.1803416188077069e-9
4853153.507328846 	9.185856456391702e-10
5338468.858061734 	6.885126413927873e-10
5872315.743867912 	5.39386461437103e-10
6459547.318254708 	4.0129045621137455e-10
7105502.050080185 	3.1657156051395285e-10
7816052.255088209 	2.3545918117795446e-10
8597657.480597038 	1.8570243984725976e-10
9457423.228656748 	1.3874148273341467e-10
10403165.551522432	1.0887345265269044e-10
11443482.106674684	8.172205011042159e-11
12587830.317342162	6.379313469492218e-11
13846613.34907639 	4.811835988927208e-11
15231274.683984041	3.735629717630889e-11
16754402.152382458	2.8321606878084308e-11
18429842.367620718	2.1861643518856992e-11
20272826.604382806	1.666319976077918e-11
22300109.264821105	1.2785541079545938e-11
24530120.191303235	9.799996253592588e-12
26983132.21043358 	7.472383508791509e-12
29681445.43147696 	5.7612730031376805e-12
32649589.974624686	4.364139869398581e-12
35914548.97208718 	3.385638132218368e-12
39506003.86929593 	2.546982068615504e-12
43456604.256225556	1.9887474556246296e-12
47802264.68184815 	1.4852706513033309e-12
52582491.15003301 	1.1676542882617946e-12
57840740.26503636 	8.666900149522595e-13
63624814.29154004 	6.852219324783103e-13
69987295.72069411 	5.108424260957914e-13
76986025.29276358 	4.0189360031992187e-13
84684627.82204    	3.009912122227131e-13
93153090.60424407 	2.3558249624092503e-13