GCR Energy Spectrum (2013.03014633 1)
Energy (MeV)      	Differential Intensity (m⁻² s⁻¹ sr⁻¹ MeV⁻¹)
3.0000000000000004	0.02079243112504008
3.3000000000000007	0.02282777774060082
3.6300000000000012	0.025060009029274865
3.993000000000002 	0.027507681961572984
4.392300000000002 	0.030191000816426353
4.831530000000003 	0.033131941920398006
5.314683000000005 	0.036354383100212086
5.846151300000006 	0.03988423683415824
6.430766430000007 	0.04374958571346916
7.073843073000009 	0.04798081836689659
7.781227380300009 	0.05261076344578057
8.55935011833001  	0.057674818596452515
9.41528513016301  	0.06321107054355334
10.35681364317931 	0.0692604014517951
11.392495007497239	0.07586657560341668
12.531744508246963	0.08307629910168114
13.784918959071657	0.09093924376458992
15.163410854978821	0.09950802458582937
16.679751940476702	0.10883811809253696
18.34772713452437 	0.11898770660721561
20.182499847976807	0.13001743081705125
22.200749832774484	0.14199003017242434
24.42082481605193 	0.15496984749827086
26.86290729765712 	0.169022170850067
29.54919802742283 	0.18421238215308483
32.50411783016511 	0.20060487863963872
35.75452961318162 	0.21826172970239044
39.32998257449977 	0.23724102872842195
43.26298083194975 	0.25759489705318933
47.58927891514472 	0.27936709573817636
52.348206806659185	0.3025902008789456
57.583027487325104	0.32728230012725723
63.34133023605761 	0.3534431726816908
69.67546325966336 	0.3814995239203265
76.64300958562968 	0.4111154282443872
84.30731054419265 	0.4422014073101576
92.7380415986119  	0.474665273489893
102.01184575847309	0.5083739081532579
112.21303033432038	0.5431468223183307
123.43433336775242	0.5787494256712666
135.77776670452764	0.6148861543038752
149.35554337498039	0.6511936518691627
164.2910977124784 	0.687234244306651
180.72020748372623	0.7224899918423575
198.79222823209884	0.7563576398232782
218.67145105530872	0.7909686284856082
240.53859616083955	0.8241759245563935
264.5924557769235 	0.8545616662153998
291.05170135461583	0.8812843955749108
320.1568714900774 	0.9034253928524933
352.1725586390851 	0.9199949482804122
387.38981450299354	0.9333736593812619
426.12879595329287	0.9445923333510717
468.7416755486221 	0.9485862730268375
515.6158431034843 	0.944345649757256
567.1774274138327 	0.9308540734637389
623.8951701552159 	0.9184680383335713
686.2846871707374 	0.898801263685865
754.9131558878111 	0.8692113695204609
830.4044714765921 	0.831172579104333
913.4449186242512 	0.79791161062252
1004.7894104866762	0.7550735006168995
1105.2683515353438	0.7021932743554726
1215.795186688878 	0.6580826870943272
1337.3747053577656	0.6072929103240946
1471.1121758935421	0.548469301776699
1618.2233934828962	0.5025655654762627
1780.0457328311857	0.45001055544920726
1958.050306114304 	0.3982328256827427
2153.855336725734 	0.3541708722593998
2369.2408703983074	0.30526140303552657
2606.164957438138 	0.2676466751728446
2866.7814531819513	0.2292068604271447
3153.459598500146 	0.19484698780472628
3468.8055583501637	0.1659803743299808
3815.686114185183 	0.1372714028214559
4197.254725603705 	0.11645844646030928
4616.9801981640785	0.09432248855884308
5078.67821798049  	0.07962806422211569
5586.546039778545 	0.06433785289504756
6145.200643756403 	0.053402529164571576
6759.720708132049 	0.043116128124611616
7435.69277894526  	0.03536179180419312
8179.262056839792 	0.02856816819013616
8997.18826252378  	0.023258498228535585
9896.907088776165 	0.018817256261081855
10886.59779765379 	0.01526307331746148
11975.25757741918 	0.012365416160795919
13172.783335161108	0.01001051467366921
14490.06166867723 	0.008104530724370632
15939.067835544965	0.00652132440541519
17532.974619099474	0.005210529315100878
19286.27208100944 	0.004134731580705606
21214.8992891104  	0.0032477815948380004
23336.389218021457	0.002545608239204801
25670.028139823626	0.001977312073043872
28237.03095380601 	0.0015408799919551463
31060.734049186634	0.001186607615646663
34166.80745410533 	0.0009229080908482913
37583.48819951589 	0.000705650729908162
41341.83701946751 	0.0005492043444679098
45476.020721414294	0.0004172332271295853
50023.62279355577 	0.0003255185240326662
55025.98507291139 	0.0002457757648055878
60528.583580202576	0.0001924422303522766
66581.44193822288 	0.00014439233212065
73239.58613204522 	0.00011356314030575246
80563.54474524982 	0.00008465315124577603
88619.89921977487 	0.00006692044419924103
97481.88914175243 	0.00004979553421069665
107230.07805592776	0.000039385667439598486
117953.08586152064	0.00002940971470344578
129748.3944476728 	0.00002315332890793478
142723.23389244018	0.000017355273168941097
156995.55728168433	0.000013596801822588872
172695.1130098529 	0.000010234171644179082
189964.62431083835	0.000007976942503155026
208961.08674192237	0.000006030777113939601
229857.19541611476	0.000004675521005820273
252842.91495772646	0.000003551535530637947
278127.2064534993 	0.000002737994551600984
305939.9270988495 	0.0000020902431403228556
336533.91980873473	0.000001601964608974309
370187.3117896085 	0.000001229502032115985
407206.0429685697 	9.364870304122584e-7
447926.647265427  	7.22820237584585e-7
492719.31199197005	5.469967480061777e-7
541991.2431911675 	4.2472988818500066e-7
596190.3675102848 	3.1923701570989653e-7
655809.4042613137 	2.4945230065631186e-7
721390.3446874457 	1.8615220253350707e-7
793529.3791561909 	1.464332453393815e-7
872882.3170718106 	1.0869730109722239e-7
960170.5487789925 	8.59134248671245e-8
1056187.6036568927	6.405136143532687e-8
1161806.3640225828	5.0378537789417335e-8
1277987.0004248421	3.7730005655922746e-8
1405785.7004673274	2.9524446190349913e-8
1546364.2705140612	2.2216792736634666e-8
1701000.6975654687	1.729246389285909e-8
1871100.767322017 	1.3077131377936356e-8
2058210.8440542205	1.012192624892016e-8
2264031.9284596443	7.694428661739244e-9
2490435.121305611 	5.920944438486731e-9
2739478.633436174 	4.525544990782743e-9
3013426.496779794 	3.46122435059375e-9
3314769.146457776 	2.6606781697452402e-9
3646246.0611035563	2.0219404662639535e-9
4010870.6672139154	1.5636558112681497e-9
4411957.7339353105	1.1803327050246675e-9
4853153.507328846 	9.185802441140358e-10
5338468.858061734 	6.885082584985481e-10
5872315.743867912 	5.39383802646205e-10
6459547.318254708 	4.012883013245944e-10
7105502.050080185 	3.165702518532188e-10
7816052.255088209 	2.354583944712025e-10
8597657.480597038 	1.857017957729736e-10
9457423.228656748 	1.387410952025127e-10
10403165.551522432	1.0887313569540583e-10
11443482.106674684	8.172185923109438e-11
12587830.317342162	6.379297873350276e-11
13846613.34907639 	4.8118265879751215e-11
15231274.683984041	3.735622044257528e-11
16754402.152382458	2.8321560581866997e-11
18429842.367620718	2.186160576959738e-11
20272826.604382806	1.6663176963244442e-11
22300109.264821105	1.2785522510448059e-11
24530120.191303235	9.79998502832223e-12
26983132.21043358 	7.472374375418957e-12
29681445.43147696 	5.761267476445816e-12
32649589.974624686	4.364135377568406e-12
35914548.97208718 	3.3856354112949286e-12
39506003.86929593 	2.5469798596498075e-12
43456604.256225556	1.988746116056221e-12
47802264.68184815 	1.485269565025608e-12
52582491.15003301 	1.1676536288168325e-12
57840740.26503636 	8.666896186296781e-13
63624814.29154004 	6.852216078629441e-13
69987295.72069411 	5.108422308340064e-13
76986025.29276358 	4.0189344054279315e-13
84684627.82204    	3.009911160295266e-13
93153090.60424407 	2.355824176067968e-13