GCR Energy Spectrum (2013.92739724 1)
Energy (MeV)      	Differential Intensity (m⁻² s⁻¹ sr⁻¹ MeV⁻¹)
3.0000000000000004	0.012991871009552387
3.3000000000000007	0.014264476279502983
3.6300000000000012	0.015660465376340523
3.993000000000002 	0.01719153658315996
4.392300000000002 	0.018870442221979696
4.831530000000003 	0.020711071991584864
5.314683000000005 	0.022728540349050485
5.846151300000006 	0.024939277509281634
6.430766430000007 	0.0273611234383583
7.073843073000009 	0.03001342397057727
7.781227380300009 	0.03291712787689991
8.55935011833001  	0.0360948833437743
9.41528513016301  	0.039571131874325746
10.35681364317931 	0.043372197085550575
11.392495007497239	0.04752636523078027
12.531744508246963	0.05206395351027916
13.784918959071657	0.05701736132716351
15.163410854978821	0.06242109858278342
16.679751940476702	0.06831178386690466
18.34772713452437 	0.07472810396561876
20.182499847976807	0.08171072446785395
22.200749832774484	0.08930213938704046
24.42082481605193 	0.09754644562104929
26.86290729765712 	0.10648902575277158
29.54919802742283 	0.11617612015988611
32.50411783016511 	0.1266542666868934
35.75452961318162 	0.13796958328954778
39.32998257449977 	0.150166866175129
43.26298083194975 	0.16328847315234182
47.58927891514472 	0.1773729593381748
52.348206806659185	0.192453430265815
57.583027487325104	0.20855557607942732
63.34133023605761 	0.22569535023809847
69.67546325966336 	0.24398637880015273
76.64300958562968 	0.2636288647451867
84.30731054419265 	0.2843864422338721
92.7380415986119  	0.3062283377892344
102.01184575847309	0.3291000039562176
112.21303033432038	0.35291864934235057
123.43433336775242	0.37756837230379703
135.77776670452764	0.4028949499345686
149.35554337498039	0.4287003620387152
164.2910977124784 	0.4547371616780773
180.72020748372623	0.48070283873443703
198.79222823209884	0.5062343591682412
218.67145105530872	0.5309030981305436
240.53859616083955	0.5550537237304871
264.5924557769235 	0.5798117266966483
291.05170135461583	0.6027557174255532
320.1568714900774 	0.6232720550542865
352.1725586390851 	0.640680066560353
387.38981450299354	0.6542343868107909
426.12879595329287	0.6631292059674562
468.7416755486221 	0.6719387553028651
515.6158431034843 	0.6774392501816995
567.1774274138327 	0.67713481858341
623.8951701552159 	0.6702098973393337
686.2846871707374 	0.6567615538029115
754.9131558878111 	0.6462781462074179
830.4044714765921 	0.6286838227187448
913.4449186242512 	0.6033279787445028
1004.7894104866762	0.5743522339069452
1105.2683515353438	0.5479224041294946
1215.795186688878 	0.5141951185818586
1337.3747053577656	0.4740766836580376
1471.1121758935421	0.4423458479178354
1618.2233934828962	0.40439929050426326
1780.0457328311857	0.3629419934369274
1958.050306114304 	0.33003535494946235
2153.855336725734 	0.29230656734999816
2369.2408703983074	0.2575567750888798
2606.164957438138 	0.22703997882317015
2866.7814531819513	0.19309527118665426
3153.459598500146 	0.16932602749235903
3468.8055583501637	0.14348049916883598
3815.686114185183 	0.12184375360052667
4197.254725603705 	0.10296329014013655
4616.9801981640785	0.08510061755577843
5078.67821798049  	0.07179055948779078
5586.546039778545 	0.058084743645423896
6145.200643756403 	0.04896443009437515
6759.720708132049 	0.03932822887366794
7435.69277894526  	0.0328930406855382
8179.262056839792 	0.026471776379304656
8997.18826252378  	0.02189955039705107
9896.907088776165 	0.017668236916821567
10886.59779765379 	0.014517946040418138
11975.25757741918 	0.011737745489502663
13172.783335161108	0.00960103730135553
14490.06166867723 	0.007760843576465542
15939.067835544965	0.0062921586712433196
17532.974619099474	0.005019255297810838
19286.27208100944 	0.004009274204261038
21214.8992891104  	0.0031436716908804377
23336.389218021457	0.0024798492501523
25670.028139823626	0.0019229739831526863
28237.03095380601 	0.001507210832217133
31060.734049186634	0.001158881470520294
34166.80745410533 	0.0009059175655207475
37583.48819951589 	0.0006916993259811679
41341.83701946751 	0.000540705568680113
45476.020721414294	0.0004102718689252606
50023.62279355577 	0.00032128965640817255
55025.98507291139 	0.0002423194807229001
60528.583580202576	0.0001903446080982439
66581.44193822288 	0.00014268134994805081
73239.58613204522 	0.00011252473544721654
80563.54474524982 	0.00008380771780757166
88619.89921977487 	0.00006640708369699976
97481.88914175243 	0.00004948694939640621
107230.07805592776	0.00003913211903055272
117953.08586152064	0.000029257228980943074
129748.3944476728 	0.00002302821805274267
142723.23389244018	0.00001727998303578256
156995.55728168433	0.000013535112443715307
172695.1130098529 	0.000010197020127976906
189964.62431083835	0.000007946542377379167
208961.08674192237	0.000006012455081067956
229857.19541611476	0.000004660547795247513
252842.91495772646	0.0000035425037771725775
278127.2064534993 	0.000002730622858152284
305939.9270988495 	0.000002085792711391797
336533.91980873473	0.0000015983366784065935
370187.3117896085 	0.0000012273098175043624
407206.0429685697 	9.347021555339792e-7
447926.647265427  	7.217406687729236e-7
492719.31199197005	5.461188475034657e-7
541991.2431911675 	4.241983737658225e-7
596190.3675102848 	3.1880531578401315e-7
655809.4042613137 	2.49190643350147e-7
721390.3446874457 	1.8593994238572076e-7
793529.3791561909 	1.4630445232544002e-7
872882.3170718106 	1.0861993578934254e-7
960170.5487789925 	8.585003891721645e-8
1056187.6036568927	6.401325181133068e-8
1161806.3640225828	5.034734621909031e-8
1277987.0004248421	3.7711234718382276e-8
1405785.7004673274	2.95090986169163e-8
1546364.2705140612	2.220754825952384e-8
1701000.6975654687	1.7284913267603332e-8
1871100.767322017 	1.3072579033983763e-8
2058210.8440542205	1.011821194950396e-8
2264031.9284596443	7.69218713057982e-9
2490435.121305611 	5.919117508533361e-9
2739478.633436174 	4.524441375602185e-9
3013426.496779794 	3.4603258398120723e-9
3314769.146457776 	2.6601348501498507e-9
3646246.0611035563	2.0214986086423682e-9
4010870.6672139154	1.5633883539503352e-9
4411957.7339353105	1.180115436814696e-9
4853153.507328846 	9.184485839609484e-10
5338468.858061734 	6.884014266665234e-10
5872315.743867912 	5.393189948791136e-10
6459547.318254708 	4.012357759986626e-10
7105502.050080185 	3.1653835307636474e-10
7816052.255088209 	2.354392182912427e-10
8597657.480597038 	1.8568609625534988e-10
9457423.228656748 	1.3873164897132424e-10
10403165.551522432	1.08865409709731e-10
11443482.106674684	8.171720643924e-11
12587830.317342162	6.37891770787469e-11
13846613.34907639 	4.811597433342702e-11
15231274.683984041	3.735435000266265e-11
16754402.152382458	2.8320432075464462e-11
18429842.367620718	2.1860685600849286e-11
20272826.604382806	1.6662621253731344e-11
22300109.264821105	1.2785069872270924e-11
24530120.191303235	9.799711401958275e-12
26983132.21043358 	7.472151740820188e-12
29681445.43147696 	5.761132757906174e-12
32649589.974624686	4.3640258847255486e-12
35914548.97208718 	3.385569085990864e-12
39506003.86929593 	2.5469260138117675e-12
43456604.256225556	1.9887134626490725e-12
47802264.68184815 	1.4852430858370428e-12
52582491.15003301 	1.1676375541225218e-12
57840740.26503636 	8.666799578251008e-13
63624814.29154004 	6.852136949988574e-13
69987295.72069411 	5.108374711058624e-13
76986025.29276358 	4.018895457924418e-13
84684627.82204    	3.009887712093307e-13
93153090.60424407 	2.355805008084915e-13