GCR Energy Spectrum (2013.77796802 1)
Energy (MeV)      	Differential Intensity (m⁻² s⁻¹ sr⁻¹ MeV⁻¹)
3.0000000000000004	0.0167776190703383
3.3000000000000007	0.018419549843792408
3.6300000000000012	0.020220334619130857
3.993000000000002 	0.022194961875811235
4.392300000000002 	0.024359754979258037
4.831530000000003 	0.02673247428924638
5.314683000000005 	0.029332423382827343
5.846151300000006 	0.03218055863032281
6.430766430000007 	0.03529960106899038
7.073843073000009 	0.038714149158179424
7.781227380300009 	0.04245079056006811
8.55935011833001  	0.04653821055764901
9.41528513016301  	0.05100729408108308
10.35681364317931 	0.05590343434444044
11.392495007497239	0.061254529427581035
12.531744508246963	0.06709844558400004
13.784918959071657	0.07347657461235567
15.163410854978821	0.08043294955465692
16.679751940476702	0.0880142284356403
18.34772713452437 	0.09626962640649217
20.182499847976807	0.10525078314145729
22.200749832774484	0.11501155004500468
24.42082481605193 	0.1256076792905684
26.86290729765712 	0.13709639394684353
29.54919802742283 	0.1495358154909397
32.50411783016511 	0.16298422192175147
35.75452961318162 	0.17749910656711362
39.32998257449977 	0.1931360046614768
43.26298083194975 	0.20994705204422037
47.58927891514472 	0.22797923813912294
52.348206806659185	0.24727231403779826
57.583027487325104	0.26785631641322594
63.34133023605761 	0.289748669599953
69.67546325966336 	0.31295083203431695
76.64300958562968 	0.33744445995083183
84.30731054419265 	0.3631870714146689
92.7380415986119  	0.39010720806425375
102.01184575847309	0.4180991109063409
112.21303033432038	0.44701695056611007
123.43433336775242	0.4766686817166615
135.77776670452764	0.5068096257985202
149.35554337498039	0.5378651128025103
164.2910977124784 	0.5699888271844743
180.72020748372623	0.6019664179717445
198.79222823209884	0.6333581365708181
218.67145105530872	0.6636506384638428
240.53859616083955	0.6922535164396685
264.5924557769235 	0.7184971775105193
291.05170135461583	0.7416323682441668
320.1568714900774 	0.7623656179043707
352.1725586390851 	0.7828137970647193
387.38981450299354	0.798688943975054
426.12879595329287	0.8091030724594503
468.7416755486221 	0.81312285528318
515.6158431034843 	0.8099458025027165
567.1774274138327 	0.8089198461685628
623.8951701552159 	0.8003997271981653
686.2846871707374 	0.783545122550828
754.9131558878111 	0.7575337469050639
830.4044714765921 	0.735821775289843
913.4449186242512 	0.7065186289513575
1004.7894104866762	0.6681747903304723
1105.2683515353438	0.6293579338772951
1215.795186688878 	0.591155531147482
1337.3747053577656	0.5448800742162285
1471.1121758935421	0.4994477003903057
1618.2233934828962	0.4573250198888975
1780.0457328311857	0.40864816084930766
1958.050306114304 	0.36700504013049173
2153.855336725734 	0.32590223082768716
2369.2408703983074	0.282175268437883
2606.164957438138 	0.24919965536142966
2866.7814531819513	0.21283157603022365
3153.459598500146 	0.18331497963299756
3468.8055583501637	0.15583039292027193
3815.686114185183 	0.13033385461316171
4197.254725603705 	0.11039909098856762
4616.9801981640785	0.09008345368191968
5078.67821798049  	0.07612372561043797
5586.546039778545 	0.06133271399796309
6145.200643756403 	0.051425498574295576
6759.720708132049 	0.04143058790620188
7435.69277894526  	0.034265618423883495
8179.262056839792 	0.027638231292832473
8997.18826252378  	0.022656805879134646
9896.907088776165 	0.018308945388619016
10886.59779765379 	0.014933962812644242
11975.25757741918 	0.012088389860251897
13172.783335161108	0.009830031356953518
14490.06166867723 	0.007953142447088534
15939.067835544965	0.0064204897251445405
17532.974619099474	0.00512641298454439
19286.27208100944 	0.0040796100033359825
21214.8992891104  	0.0032020602320111794
23336.389218021457	0.0025167526609618596
25670.028139823626	0.0019534772410511607
28237.03095380601 	0.0015261216784327645
31060.734049186634	0.001174458248562397
34166.80745410533 	0.0009154674089016773
37583.48819951589 	0.0006995426292373732
41341.83701946751 	0.0005454853440195997
45476.020721414294	0.000414187679548983
50023.62279355577 	0.0003236692061793392
55025.98507291139 	0.00024426458995430384
60528.583580202576	0.00019152542295139654
66581.44193822288 	0.00014364463129466534
73239.58613204522 	0.00011310949166414237
80563.54474524982 	0.00008428385454514787
88619.89921977487 	0.0000666962573895206
97481.88914175243 	0.00004966080245476879
107230.07805592776	0.00003927497687254836
117953.08586152064	0.000029343156456985514
129748.3944476728 	0.00002309872423833205
142723.23389244018	0.000017322417635620336
156995.55728168433	0.000013569883409136384
172695.1130098529 	0.000010217962432321526
189964.62431083835	0.000007963679717295381
208961.08674192237	0.00000602278451145256
229857.19541611476	0.000004668989579836493
252842.91495772646	0.0000035475961517389827
278127.2064534993 	0.0000027347793722559096
305939.9270988495 	0.0000020883022159739164
336533.91980873473	0.0000016003824465820675
370187.3117896085 	0.0000012285460513952703
407206.0429685697 	9.357087040180497e-7
447926.647265427  	7.223494959574846e-7
492719.31199197005	5.466139518147224e-7
541991.2431911675 	4.244981384448454e-7
596190.3675102848 	3.1904879042308575e-7
655809.4042613137 	2.493382195405982e-7
721390.3446874457 	1.8605965974267456e-7
793529.3791561909 	1.4637709481156266e-7
872882.3170718106 	1.0866357259262875e-7
960170.5487789925 	8.588579120350853e-8
1056187.6036568927	6.403474755005244e-8
1161806.3640225828	5.036493996722007e-8
1277987.0004248421	3.77218226917019e-8
1405785.7004673274	2.9517755656701654e-8
1546364.2705140612	2.221276280944208e-8
1701000.6975654687	1.728917238605365e-8
1871100.767322017 	1.3075146920671196e-8
2058210.8440542205	1.0120307121175343e-8
2264031.9284596443	7.693451548973299e-9
2490435.121305611 	5.920148059556383e-9
2739478.633436174 	4.525063916712071e-9
3013426.496779794 	3.4608326845736788e-9
3314769.146457776 	2.6604413352347847e-9
3646246.0611035563	2.0217478599219108e-9
4010870.6672139154	1.5635392269250444e-9
4411957.7339353105	1.1802379983056444e-9
4853153.507328846 	9.185228540264742e-10
5338468.858061734 	6.884616910686465e-10
5872315.743867912 	5.393555533961286e-10
6459547.318254708 	4.012654059449576e-10
7105502.050080185 	3.165563474714863e-10
7816052.255088209 	2.3545003577532983e-10
8597657.480597038 	1.856949525274174e-10
9457423.228656748 	1.38736977704807e-10
10403165.551522432	1.0886976803578389e-10
11443482.106674684	8.171983114182983e-11
12587830.317342162	6.379132164501391e-11
13846613.34907639 	4.8117267028174156e-11
15231274.683984041	3.7355405145776015e-11
16754402.152382458	2.8321068683462235e-11
18429842.367620718	2.1861204682599115e-11
20272826.604382806	1.6662934738534165e-11
22300109.264821105	1.278532521295704e-11
24530120.191303235	9.799865759230623e-12
26983132.21043358 	7.472277332815642e-12
29681445.43147696 	5.761208754991027e-12
32649589.974624686	4.364087651570841e-12
35914548.97208718 	3.385606501284511e-12
39506003.86929593 	2.5469563892218005e-12
43456604.256225556	1.988731883033733e-12
47802264.68184815 	1.4852580232348268e-12
52582491.15003301 	1.167646622156719e-12
57840740.26503636 	8.666854076663709e-13
63624814.29154004 	6.852181587947471e-13
69987295.72069411 	5.10840156158954e-13
76986025.29276358 	4.018917428953987e-13
84684627.82204    	3.0099009396739675e-13
93153090.60424407 	2.355815821113069e-13