GCR Energy Spectrum (2011.24098172 1)
Energy (MeV)      	Differential Intensity (m⁻² s⁻¹ sr⁻¹ MeV⁻¹)
3.0000000000000004	0.022813532638481765
3.3000000000000007	0.02504682458901419
3.6300000000000012	0.02749611075421304
3.993000000000002 	0.030181735543245006
4.392300000000002 	0.033125845940559215
4.831530000000003 	0.03635252721947605
5.314683000000005 	0.03988794358890429
5.846151300000006 	0.04376048261673716
6.430766430000007 	0.04800090185621715
7.073843073000009 	0.05264247559232013
7.781227380300009 	0.057721139008088104
8.55935011833001  	0.06327562632805267
9.41528513016301  	0.06934759860778712
10.35681364317931 	0.07598175578390079
11.392495007497239	0.0832259263548043
12.531744508246963	0.0911311266059569
13.784918959071657	0.09975157960089329
15.163410854978821	0.10914468220946114
16.679751940476702	0.11937090621917035
18.34772713452437 	0.13049361706210877
20.182499847976807	0.14257879088563874
22.200749832774484	0.15569460761091683
24.42082481605193 	0.16991089428922393
26.86290729765712 	0.18529838953819044
29.54919802742283 	0.20192779620821036
32.50411783016511 	0.21986858582690727
35.75452961318162 	0.23918751498316737
39.32998257449977 	0.25994681089311833
43.26298083194975 	0.28220198126460333
47.58927891514472 	0.30599920265429637
52.348206806659185	0.3313722422926966
57.583027487325104	0.3583388714267877
63.34133023605761 	0.3868967342694119
69.67546325966336 	0.417018646379761
76.64300958562968 	0.4486473104844334
84.30731054419265 	0.4816894571008062
92.7380415986119  	0.5164633717360622
102.01184575847309	0.5529331172604776
112.21303033432038	0.5905222905503833
123.43433336775242	0.6289740109735859
135.77776670452764	0.6679664308677501
149.35554337498039	0.7071058597666939
164.2910977124784 	0.745920310855802
180.72020748372623	0.7838537787653389
198.79222823209884	0.820261592644793
218.67145105530872	0.8544072106510646
240.53859616083955	0.8879557788433687
264.5924557769235 	0.9201734448297431
291.05170135461583	0.9484445852261896
320.1568714900774 	0.9718089820331732
352.1725586390851 	0.9892379701825832
387.38981450299354	0.9996445779674493
426.12879595329287	1.0088223310365578
468.7416755486221 	1.0126036808725332
515.6158431034843 	1.007737701521045
567.1774274138327 	0.993200176578793
623.8951701552159 	0.9735868946835246
686.2846871707374 	0.9524323734370042
754.9131558878111 	0.9210098017861384
830.4044714765921 	0.8785809316195865
913.4449186242512 	0.8399204979214726
1004.7894104866762	0.7948910394520752
1105.2683515353438	0.7396178594619215
1215.795186688878 	0.688484444639084
1337.3747053577656	0.6355604860144811
1471.1121758935421	0.5739785948999998
1618.2233934828962	0.5228903578016162
1780.0457328311857	0.4685436235417874
1958.050306114304 	0.4121566734513716
2153.855336725734 	0.3667439499340587
2369.2408703983074	0.3165008090685994
2606.164957438138 	0.27579597976632103
2866.7814531819513	0.2364255577778107
3153.459598500146 	0.19991020009968163
3468.8055583501637	0.17042817151407835
3815.686114185183 	0.14030055944172692
4197.254725603705 	0.11909953484572873
4616.9801981640785	0.0965991215563762
5078.67821798049  	0.0811482518147833
5586.546039778545 	0.06563965495060337
6145.200643756403 	0.05425658081236333
6759.720708132049 	0.0438433532095092
7435.69277894526  	0.03583359301332582
8179.262056839792 	0.028967981481466263
8997.18826252378  	0.023516650178194903
9896.907088776165 	0.019035134690201263
10886.59779765379 	0.015403891166945401
11975.25757741918 	0.012483850006102498
13172.783335161108	0.010087559822996382
14490.06166867723 	0.00816910947222511
15939.067835544965	0.0065642866830997355
17532.974619099474	0.00524634677355919
19286.27208100944 	0.004158178955943003
21214.8992891104  	0.0032672204735373312
23336.389218021457	0.0025578654603078165
25670.028139823626	0.001987432271851795
28237.03095380601 	0.0015471414962173545
31060.734049186634	0.0011917603782740315
34166.80745410533 	0.0009260617463744877
37583.48819951589 	0.0007082388087175716
41341.83701946751 	0.0005507792579406821
45476.020721414294	0.00041852262527617963
50023.62279355577 	0.00032630110723889954
55025.98507291139 	0.000246415121083739
60528.583580202576	0.000192829966429501
66581.44193822288 	0.00014470849468400883
73239.58613204522 	0.00011375490103197697
80563.54474524982 	0.00008480923322148299
88619.89921977487 	0.00006701516995790327
97481.88914175243 	0.00004985244918764116
107230.07805592776	0.00003943242123605586
117953.08586152064	0.00002943782227986825
129748.3944476728 	0.000023176386268617853
142723.23389244018	0.000017369144482082764
156995.55728168433	0.000013608165632687886
172695.1130098529 	0.000010241013554132796
189964.62431083835	0.000007982540358014872
208961.08674192237	0.000006034150187520414
229857.19541611476	0.000004678277277281858
252842.91495772646	0.000003553197797033752
278127.2064534993 	0.0000027393511726883454
305939.9270988495 	0.000002091062034304055
336533.91980873473	0.0000016026321132072614
370187.3117896085 	0.0000012299053277315002
407206.0429685697 	9.368153696917817e-7
447926.647265427  	7.23018810418402e-7
492719.31199197005	5.471582187648612e-7
541991.2431911675 	4.2482764018213664e-7
596190.3675102848 	3.193164074509463e-7
655809.4042613137 	2.4950041721155874e-7
721390.3446874457 	1.861912340951313e-7
793529.3791561909 	1.4645692706480032e-7
872882.3170718106 	1.0871152585302806e-7
960170.5487789925 	8.592507900911288e-8
1056187.6036568927	6.405836796951184e-8
1161806.3640225828	5.038427230232301e-8
1277987.0004248421	3.773345653439331e-8
1405785.7004673274	2.9527267662471065e-8
1546364.2705140612	2.2218492174940003e-8
1701000.6975654687	1.7293851925426887e-8
1871100.767322017 	1.3077968215147534e-8
2058210.8440542205	1.0122609023941482e-8
2264031.9284596443	7.694840698985325e-9
2490435.121305611 	5.92128026061274e-9
2739478.633436174 	4.525747851315001e-9
3013426.496779794 	3.461389508610195e-9
3314769.146457776 	2.6607780375425092e-9
3646246.0611035563	2.022021683750798e-9
4010870.6672139154	1.5637049717873263e-9
4411957.7339353105	1.1803726402160409e-9
4853153.507328846 	9.186044437920779e-10
5338468.858061734 	6.885278945399755e-10
5872315.743867912 	5.393957144270514e-10
6459547.318254708 	4.012979555352906e-10
7105502.050080185 	3.1657611484145607e-10
7816052.255088209 	2.3546191902804267e-10
8597657.480597038 	1.857046813152866e-10
9457423.228656748 	1.3874283139378346e-10
10403165.551522432	1.0887455570683064e-10
11443482.106674684	8.172271439582665e-11
12587830.317342162	6.379367746120116e-11
13846613.34907639 	4.811868705461231e-11
15231274.683984041	3.7356564219596e-11
16754402.152382458	2.832176799481902e-11
18429842.367620718	2.1861774891062588e-11
20272826.604382806	1.6663279099058504e-11
22300109.264821105	1.2785605702323777e-11
24530120.191303235	9.800035318922109e-12
26983132.21043358 	7.472415294053508e-12
29681445.43147696 	5.76129223670155e-12
32649589.974624686	4.364155501515256e-12
35914548.97208718 	3.3856476013616536e-12
39506003.86929593 	2.5469897560831235e-12
43456604.256225556	1.988752117483757e-12
47802264.68184815 	1.4852744316800884e-12
52582491.15003301 	1.1676565832090375e-12
57840740.26503636 	8.66691394202019e-13
63624814.29154004 	6.852230621783467e-13
69987295.72069411 	5.108431056299277e-13
76986025.29276358 	4.0189415636321166e-13
84684627.82204    	3.009915469863483e-13
93153090.60424407 	2.3558276989695244e-13