GCR Energy Spectrum (2014.07671231 1)
Energy (MeV)      	Differential Intensity (m⁻² s⁻¹ sr⁻¹ MeV⁻¹)
3.0000000000000004	0.01152645062526117
3.3000000000000007	0.012655230386737333
3.6300000000000012	0.013893438395302467
3.993000000000002 	0.015251452055379942
4.392300000000002 	0.016740584704821492
4.831530000000003 	0.01837315984636101
5.314683000000005 	0.020162589037676464
5.846151300000006 	0.02212345307614678
6.430766430000007 	0.024271585940249526
7.073843073000009 	0.026624160733500386
7.781227380300009 	0.029199776610870025
8.55935011833001  	0.03201854534248861
9.41528513016301  	0.035102175774615677
10.35681364317931 	0.03847405397136568
11.392495007497239	0.04215931624917342
12.531744508246963	0.04618491163469273
13.784918959071657	0.05057964946971577
15.163410854978821	0.05537422693672049
16.679751940476702	0.060601230168160734
18.34772713452437 	0.0662951013140437
20.182499847976807	0.07249206245919947
22.200749832774484	0.07922998558989106
24.42082481605193 	0.08654819589931018
26.86290729765712 	0.0944871935901648
29.54919802742283 	0.10308827698709921
32.50411783016511 	0.11239304723332368
35.75452961318162 	0.12253426592724374
39.32998257449977 	0.13349241428054087
43.26298083194975 	0.14530705031457222
47.58927891514472 	0.1580199743792865
52.348206806659185	0.17166951765010768
57.583027487325104	0.18628900238963253
63.34133023605761 	0.20190490675276976
69.67546325966336 	0.2185347015837794
76.64300958562968 	0.23618432832168196
84.30731054419265 	0.25484529074645795
92.7380415986119  	0.27449133936117315
102.01184575847309	0.29507473623562613
112.21303033432038	0.31652210064205705
123.43433336775242	0.3387298522332177
135.77776670452764	0.3615592891530369
149.35554337498039	0.3848313634153636
164.2910977124784 	0.40832124490505195
180.72020748372623	0.4317527977968252
198.79222823209884	0.45500596396936593
218.67145105530872	0.4795435150979834
240.53859616083955	0.5033844527494837
264.5924557769235 	0.526084952998229
291.05170135461583	0.5471366572524166
320.1568714900774 	0.5659650238185288
352.1725586390851 	0.5819290490130677
387.38981450299354	0.5943225842511662
426.12879595329287	0.6065181278414558
468.7416755486221 	0.6164442223953129
515.6158431034843 	0.6216880595012116
567.1774274138327 	0.6214794587192322
623.8951701552159 	0.6150204765649643
686.2846871707374 	0.608548326560902
754.9131558878111 	0.5989552905285941
830.4044714765921 	0.5825743539663122
913.4449186242512 	0.5587474039244236
1004.7894104866762	0.5371620416653996
1105.2683515353438	0.5123479303685307
1215.795186688878 	0.4804507290388868
1337.3747053577656	0.447117185188207
1471.1121758935421	0.41704293852789726
1618.2233934828962	0.3808656479459958
1780.0457328311857	0.3449094040917453
1958.050306114304 	0.3134349068133347
2153.855336725734 	0.277174211003274
2369.2408703983074	0.24640165819906523
2606.164957438138 	0.21696978358476626
2866.7814531819513	0.18570519834819252
3153.459598500146 	0.16291729228212412
3468.8055583501637	0.13780865869269057
3815.686114185183 	0.11792568267853368
4197.254725603705 	0.09952403314307931
4616.9801981640785	0.08278602735445133
5078.67821798049  	0.06977365974584818
5586.546039778545 	0.05675423899758216
6145.200643756403 	0.047812502637841904
6759.720708132049 	0.038342597519192785
7435.69277894526  	0.03224744623704033
8179.262056839792 	0.025922342040693463
8997.18826252378  	0.0215418601953127
9896.907088776165 	0.017365215020613972
10886.59779765379 	0.014320721695207672
11975.25757741918 	0.011571329557653984
13172.783335161108	0.00949213840032685
14490.06166867723 	0.007669308168470607
15939.067835544965	0.006230973738852794
17532.974619099474	0.004968124064654936
19286.27208100944 	0.003975666816209813
21214.8992891104  	0.003115753948248224
23336.389218021457	0.0024621829785405197
25670.028139823626	0.0019083632387700015
28237.03095380601 	0.0014981433006625734
31060.734049186634	0.0011514090049941266
34166.80745410533 	0.0009013322721419395
37583.48819951589 	0.0006879319022581051
41341.83701946751 	0.0005384079495473117
45476.020721414294	0.00040838892100655925
50023.62279355577 	0.00032014471028791986
55025.98507291139 	0.0002413833075625036
60528.583580202576	0.00018977598608099235
66581.44193822288 	0.00014221737282113495
73239.58613204522 	0.0001122429550887345
80563.54474524982 	0.0000835782340400944
88619.89921977487 	0.00006626765886275886
97481.88914175243 	0.00004940309986774419
107230.07805592776	0.0000390632077725798
117953.08586152064	0.000029215768670497557
129748.3944476728 	0.000022994194164464987
142723.23389244018	0.000017259501035757468
156995.55728168433	0.00001351832766662799
172695.1130098529 	0.000010186908920346037
189964.62431083835	0.000007938267520034973
208961.08674192237	0.000006007466695521226
229857.19541611476	0.0000046564707102058045
252842.91495772646	0.0000035400440249960515
278127.2064534993 	0.00000272861502974113
305939.9270988495 	0.0000020845803512963865
336533.91980873473	0.0000015973483033214555
370187.3117896085 	0.000001226712500830259
407206.0429685697 	9.342157969114076e-7
447926.647265427  	7.214464650470781e-7
492719.31199197005	5.458795899690963e-7
541991.2431911675 	4.240535045062936e-7
596190.3675102848 	3.186876468838721e-7
655809.4042613137 	2.491193175481466e-7
721390.3446874457 	1.858820798418816e-7
793529.3791561909 	1.4626934079273582e-7
872882.3170718106 	1.0859884329677461e-7
960170.5487789925 	8.583275720554603e-8
1056187.6036568927	6.400286102186991e-8
1161806.3640225828	5.033884147783653e-8
1277987.0004248421	3.770611640824501e-8
1405785.7004673274	2.9504913683181746e-8
1546364.2705140612	2.220502742007691e-8
1701000.6975654687	1.7282854285664684e-8
1871100.767322017 	1.3071337620876052e-8
2058210.8440542205	1.0117199056057927e-8
2264031.9284596443	7.691575848972622e-9
2490435.121305611 	5.918619286360456e-9
2739478.633436174 	4.5241404030426836e-9
3013426.496779794 	3.460080800184834e-9
3314769.146457776 	2.6599866750825475e-9
3646246.0611035563	2.0213781035945284e-9
4010870.6672139154	1.563315411056826e-9
4411957.7339353105	1.1800561815066436e-9
4853153.507328846 	9.184126760525959e-10
5338468.858061734 	6.883722900884602e-10
5872315.743867912 	5.393013194963498e-10
6459547.318254708 	4.0122145041694906e-10
7105502.050080185 	3.1652965304551517e-10
7816052.255088209 	2.3543398817161964e-10
8597657.480597038 	1.856818143485099e-10
9457423.228656748 	1.3872907258030096e-10
10403165.551522432	1.0886330249767175e-10
11443482.106674684	8.171593741509402e-11
12587830.317342162	6.37881401954637e-11
13846613.34907639 	4.811534932275077e-11
15231274.683984041	3.735383984627528e-11
16754402.152382458	2.832012427808015e-11
18429842.367620718	2.1860434626687446e-11
20272826.604382806	1.6662469684700608e-11
22300109.264821105	1.2784946415661204e-11
24530120.191303235	9.799636770482696e-12
26983132.21043358 	7.47209101726674e-12
29681445.43147696 	5.761096013379592e-12
32649589.974624686	4.363996020491784e-12
35914548.97208718 	3.3855509957005834e-12
39506003.86929593 	2.546911327297929e-12
43456604.256225556	1.988704556384006e-12
47802264.68184815 	1.4852358635952183e-12
52582491.15003301 	1.1676331697189576e-12
57840740.26503636 	8.666773228199142e-13
63624814.29154004 	6.852115367472472e-13
69987295.72069411 	5.108361728782799e-13
76986025.29276358 	4.0188848348930136e-13
84684627.82204    	3.0098813165322353e-13
93153090.60424407 	2.3557997799636683e-13