GCR Energy Spectrum (2012.06147539 1)
Energy (MeV)      	Differential Intensity (m⁻² s⁻¹ sr⁻¹ MeV⁻¹)
3.0000000000000004	0.018804725164323178
3.3000000000000007	0.020645328785548
3.6300000000000012	0.02266400018072613
3.993000000000002 	0.02487753259161378
4.392300000000002 	0.02730421256591875
4.831530000000003 	0.02996393363321279
5.314683000000005 	0.03287831442534306
5.846151300000006 	0.03607082035713485
6.430766430000007 	0.039566887649365064
7.073843073000009 	0.04339404806704652
7.781227380300009 	0.047582052248595394
8.55935011833001  	0.05216298890033456
9.41528513016301  	0.05717139640911638
10.35681364317931 	0.06264436256503025
11.392495007497239	0.06862160706606556
12.531744508246963	0.07514554027593821
13.784918959071657	0.08226129030319766
15.163410854978821	0.09001668884268284
16.679751940476702	0.09846220434952788
18.34772713452437 	0.10765080898487367
20.182499847976807	0.1176377633708643
22.200749832774484	0.12848030051933138
24.42082481605193 	0.14023718736623486
26.86290729765712 	0.15296813918370522
29.54919802742283 	0.16673305880990258
32.50411783016511 	0.18159106922338686
35.75452961318162 	0.19759930462449052
39.32998257449977 	0.2148959826488396
43.26298083194975 	0.2335573501528019
47.58927891514472 	0.2535658515431762
52.348206806659185	0.27496372825987825
57.583027487325104	0.2977822327067473
63.34133023605761 	0.3220384362242777
69.67546325966336 	0.3477315526119356
76.64300958562968 	0.3748387539856679
84.30731054419265 	0.40331046834864753
92.7380415986119  	0.43306516540574047
102.01184575847309	0.46398365938215447
112.21303033432038	0.49590298522859666
123.43433336775242	0.5286099376043248
135.77776670452764	0.5618343999718686
149.35554337498039	0.5952426329755018
164.2910977124784 	0.6284307352695402
180.72020748372623	0.6617513118541758
198.79222823209884	0.6958762962108682
218.67145105530872	0.7287633272935192
240.53859616083955	0.7597771872026512
264.5924557769235 	0.788201471735519
291.05170135461583	0.8132391217406764
320.1568714900774 	0.8340150703343003
352.1725586390851 	0.8512553212774616
387.38981450299354	0.8680123397138935
426.12879595329287	0.8789121116718737
468.7416755486221 	0.8829913830042407
515.6158431034843 	0.8792590597527391
567.1774274138327 	0.8710500248162283
623.8951701552159 	0.8615471932354453
686.2846871707374 	0.8433009198613723
754.9131558878111 	0.8154964644944935
830.4044714765921 	0.7854078186093836
913.4449186242512 	0.7540973915243774
1004.7894104866762	0.7134611861455668
1105.2683515353438	0.6665071431893596
1215.795186688878 	0.62613535440077
1337.3747053577656	0.5775323936873502
1471.1121758935421	0.5251396579294634
1618.2233934828962	0.48105744385239246
1780.0457328311857	0.4303652984833025
1958.050306114304 	0.3834278701586283
2153.855336725734 	0.34078107169529337
2369.2408703983074	0.29327435574557426
2606.164957438138 	0.2589308884564524
2866.7814531819513	0.2214759858169063
3153.459598500146 	0.18941080847366673
3468.8055583501637	0.1611991070922728
3815.686114185183 	0.13400777467466596
4197.254725603705 	0.11360979290250722
4616.9801981640785	0.09222625901596893
5078.67821798049  	0.0779835058626265
5586.546039778545 	0.0629283020458946
6145.200643756403 	0.05247617528842806
6759.720708132049 	0.04232672088224767
7435.69277894526  	0.03484887378606356
8179.262056839792 	0.028133213004534308
8997.18826252378  	0.02297729062897194
9896.907088776165 	0.018579776594502287
10886.59779765379 	0.015109417037612313
11975.25757741918 	0.012236117388228576
13172.783335161108	0.009926323274284207
14490.06166867723 	0.008033930443174334
15939.067835544965	0.00647432105577406
17532.974619099474	0.005171328003249659
19286.27208100944 	0.004109052712254964
21214.8992891104  	0.0032264859574651253
23336.389218021457	0.0025321727122713314
25670.028139823626	0.00196621604775332
28237.03095380601 	0.001534011425939481
31060.734049186634	0.0011809540220456272
34166.80745410533 	0.0009194464942218569
37583.48819951589 	0.0007028094045852042
41341.83701946751 	0.0005474747257756074
45476.020721414294	0.00041581694880253416
50023.62279355577 	0.00032465868236328433
55025.98507291139 	0.0002450731981922554
60528.583580202576	0.00019201605644470773
66581.44193822288 	0.00014404478940420047
73239.58613204522 	0.00011335230357296579
80563.54474524982 	0.00008448152706253201
88619.89921977487 	0.00006681626807633464
97481.88914175243 	0.00004973293196650513
107230.07805592776	0.0000393342380229825
117953.08586152064	0.00002937879246377699
129748.3944476728 	0.000023127961088067343
142723.23389244018	0.00001734001033311831
156995.55728168433	0.00001358429741385091
172695.1130098529 	0.000010226642365764623
189964.62431083835	0.000007970782010386488
208961.08674192237	0.000006027064751701378
229857.19541611476	0.000004672487385359328
252842.91495772646	0.000003549705891239673
278127.2064534993 	0.0000027365012910115757
305939.9270988495 	0.0000020893417226044575
336533.91980873473	0.000001601229820267298
370187.3117896085 	0.000001229058066051874
407206.0429685697 	9.361255727837872e-7
447926.647265427  	7.226016279723224e-7
492719.31199197005	5.468189814200608e-7
541991.2431911675 	4.2462226786368415e-7
596190.3675102848 	3.191496080293158e-7
655809.4042613137 	2.4939932465945293e-7
721390.3446874457 	1.8610922859383285e-7
793529.3791561909 	1.4640717112649302e-7
872882.3170718106 	1.0868163899631377e-7
960170.5487789925 	8.590059301999795e-8
1056187.6036568927	6.404364674984825e-8
1161806.3640225828	5.037222364451675e-8
1277987.0004248421	3.772620592570735e-8
1405785.7004673274	2.9521339475745755e-8
1546364.2705140612	2.221492147188236e-8
1701000.6975654687	1.7290935512142413e-8
1871100.767322017 	1.3076209918104676e-8
2058210.8440542205	1.0121174427411663e-8
2264031.9284596443	7.693974953631902e-9
2490435.121305611 	5.920574652228089e-9
2739478.633436174 	4.525321612229187e-9
3013426.496779794 	3.461042487437673e-9
3314769.146457776 	2.660568200161948e-9
3646246.0611035563	2.021851033304287e-9
4010870.6672139154	1.563601677754051e-9
4411957.7339353105	1.1802887299779031e-9
4853153.507328846 	9.185535963025306e-10
5338468.858061734 	6.884866359668977e-10
5872315.743867912 	5.393706857681894e-10
6459547.318254708 	4.0127767039881505e-10
7105502.050080185 	3.1656379569265224e-10
7816052.255088209 	2.354545133191503e-10
8597657.480597038 	1.8569861828434944e-10
9457423.228656748 	1.387391833480722e-10
10403165.551522432	1.0887157200979679e-10
11443482.106674684	8.172091754108255e-11
12587830.317342162	6.379220930826684e-11
13846613.34907639 	4.811780208973788e-11
15231274.683984041	3.735584188143708e-11
16754402.152382458	2.8321332182202636e-11
18429842.367620718	2.1861419535793253e-11
20272826.604382806	1.6663064492861866e-11
22300109.264821105	1.2785430900804382e-11
24530120.191303235	9.799929649033505e-12
26983132.21043358 	7.47232931639073e-12
29681445.43147696 	5.7612402107837266e-12
32649589.974624686	4.364113217342101e-12
35914548.97208718 	3.3856219877473575e-12
39506003.86929593 	2.546968961820171e-12
43456604.256225556	1.9887395073561313e-12
47802264.68184815 	1.4852642059231553e-12
52582491.15003301 	1.167650375473995e-12
57840740.26503636 	8.666876633892463e-13
63624814.29154004 	6.852200063868585e-13
69987295.72069411 	5.108412675181627e-13
76986025.29276358 	4.0189265228897726e-13
84684627.82204    	3.0099064146438065e-13
93153090.60424407 	2.355820296685251e-13