GCR Energy Spectrum (2011.31495432 1)
Energy (MeV)      	Differential Intensity (m⁻² s⁻¹ sr⁻¹ MeV⁻¹)
3.0000000000000004	0.021917649537266062
3.3000000000000007	0.02406320794748895
3.6300000000000012	0.02641629289129577
3.993000000000002 	0.028996457198533238
4.392300000000002 	0.03182498761244489
4.831530000000003 	0.03492503567236323
5.314683000000005 	0.03832175343863405
5.846151300000006 	0.04204243296743516
6.430766430000007 	0.046116648045041085
7.073843073000009 	0.0505763962048093
7.781227380300009 	0.05545623846037454
8.55935011833001  	0.0607934334780305
9.41528513016301  	0.06662806206100708
10.35681364317931 	0.07300313680757839
11.392495007497239	0.07996469061154582
12.531744508246963	0.08756183627467047
13.784918959071657	0.09584678787311213
15.163410854978821	0.10487483264215054
16.679751940476702	0.11470423999667556
18.34772713452437 	0.125396091875803
20.182499847976807	0.13701401588371076
22.200749832774484	0.14962379970331716
24.42082481605193 	0.16329286201051602
26.86290729765712 	0.17808955166444707
29.54919802742283 	0.1940822433757595
32.50411783016511 	0.21133819448301103
35.75452961318162 	0.22992212407108528
39.32998257449977 	0.2498944726802304
43.26298083194975 	0.27130929858755987
47.58927891514472 	0.29421176548363
52.348206806659185	0.318635176792053
57.583027487325104	0.344597514456323
63.34133023605761 	0.37209744539413675
69.67546325966336 	0.4011097677086556
76.64300958562968 	0.43158028189207875
84.30731054419265 	0.46402812443134367
92.7380415986119  	0.4979963327964602
102.01184575847309	0.5332513334454159
112.21303033432038	0.5696024360288245
123.43433336775242	0.6068027025579138
135.77776670452764	0.6445419809612334
149.35554337498039	0.6824400482955885
164.2910977124784 	0.7200401185515984
180.72020748372623	0.7568030131537825
198.79222823209884	0.7921023285357913
218.67145105530872	0.8255080432028399
240.53859616083955	0.8598879799004027
264.5924557769235 	0.8913128528856379
291.05170135461583	0.9189171153045369
320.1568714900774 	0.9417585958936507
352.1725586390851 	0.9588254966309745
387.38981450299354	0.9693164099663871
426.12879595329287	0.9806542446184946
468.7416755486221 	0.9845443502399847
515.6158431034843 	0.979967996514452
567.1774274138327 	0.9659039995690583
623.8951701552159 	0.9494793238996748
686.2846871707374 	0.9289889326837635
754.9131558878111 	0.8983803059040661
830.4044714765921 	0.8569063293969021
913.4449186242512 	0.8215964356525962
1004.7894104866762	0.7775323842453254
1105.2683515353438	0.7233111137862809
1215.795186688878 	0.6752504162123815
1337.3747053577656	0.6232617906140603
1471.1121758935421	0.5626524038060271
1618.2233934828962	0.5140596991599259
1780.0457328311857	0.4604951409958073
1958.050306114304 	0.4061149027052137
2153.855336725734 	0.36129064330667593
2369.2408703983074	0.3116279015395789
2606.164957438138 	0.272265479948061
2866.7814531819513	0.23329936728999073
3153.459598500146 	0.1977189814935913
3468.8055583501637	0.16850392752124785
3815.686114185183 	0.13899086077617384
4197.254725603705 	0.11795796472056058
4616.9801981640785	0.09561534730353528
5078.67821798049  	0.08049170520340902
5586.546039778545 	0.06507756093537398
6145.200643756403 	0.053887991142419184
6759.720708132049 	0.04352956575665248
7435.69277894526  	0.03563010075294706
8179.262056839792 	0.028795570480182043
8997.18826252378  	0.023405366817875802
9896.907088776165 	0.018941227626692418
10886.59779765379 	0.015343215924648318
11975.25757741918 	0.012432826739745221
13172.783335161108	0.01005437586084625
14490.06166867723 	0.00814129827000796
15939.067835544965	0.006545788486576716
17532.974619099474	0.005230926494568322
19286.27208100944 	0.004148086034399873
21214.8992891104  	0.0032588537299730346
23336.389218021457	0.002552590595947416
25670.028139823626	0.0019830773847306226
28237.03095380601 	0.0015444474201655773
31060.734049186634	0.0011895434841263579
34166.80745410533 	0.0009247050868797459
37583.48819951589 	0.0007071255091468673
41341.83701946751 	0.0005501018496663749
45476.020721414294	0.00041796804756709415
50023.62279355577 	0.000325964540183678
55025.98507291139 	0.00024614016163621336
60528.583580202576	0.00019266322898218736
66581.44193822288 	0.00014457253986849053
73239.58613204522 	0.00011367244551722473
80563.54474524982 	0.00008474212091298116
88619.89921977487 	0.00006697444155886986
97481.88914175243 	0.000049827978923791816
107230.07805592776	0.000039412320106919346
117953.08586152064	0.000029425738226392096
129748.3944476728 	0.000023166473572959942
142723.23389244018	0.00001736318116657212
156995.55728168433	0.000013603280365351107
172695.1130098529 	0.000010238072305533811
189964.62431083835	0.00000798013393940114
208961.08674192237	0.000006032700190781932
229857.19541611476	0.000004677092438659216
252842.91495772646	0.0000035524832498909046
278127.2064534993 	0.000002738768015645828
305939.9270988495 	0.00000209071002929693
336533.91980873473	0.0000016023451855170651
370187.3117896085 	0.0000012297319724403809
407206.0429685697 	9.366742348648366e-7
447926.647265427  	7.22933455774708e-7
492719.31199197005	5.470888123912717e-7
541991.2431911675 	4.247856229207694e-7
596190.3675102848 	3.1928228219614245e-7
655809.4042613137 	2.494797352227488e-7
721390.3446874457 	1.8617445716710989e-7
793529.3791561909 	1.4644674800853084e-7
872882.3170718106 	1.087054116901525e-7
960170.5487789925 	8.592006977312346e-8
1056187.6036568927	6.405535640081049e-8
1161806.3640225828	5.038180748213742e-8
1277987.0004248421	3.7731973275394146e-8
1405785.7004673274	2.9526054937242707e-8
1546364.2705140612	2.2217761724253226e-8
1701000.6975654687	1.72932553235763e-8
1871100.767322017 	1.3077608527962332e-8
2058210.8440542205	1.0122315555675758e-8
2264031.9284596443	7.694663598725443e-9
2490435.121305611 	5.9211359189678446e-9
2739478.633436174 	4.525660658793171e-9
3013426.496779794 	3.461318521250418e-9
3314769.146457776 	2.660735112940018e-9
3646246.0611035563	2.0219867753381777e-9
4010870.6672139154	1.5636838419305902e-9
4411957.7339353105	1.1803554755384715e-9
4853153.507328846 	9.185940424571115e-10
5338468.858061734 	6.88519454718509e-10
5872315.743867912 	5.393905945952492e-10
6459547.318254708 	4.012938060366318e-10
7105502.050080185 	3.1657359485845566e-10
7816052.255088209 	2.3546040413183215e-10
8597657.480597038 	1.8570344107540054e-10
9457423.228656748 	1.3874208515876304e-10
10403165.551522432	1.0887394536968495e-10
11443482.106674684	8.172234683638074e-11
12587830.317342162	6.379337714021008e-11
13846613.34907639 	4.811850602899445e-11
15231274.683984041	3.7356416460448485e-11
16754402.152382458	2.8321678846471503e-11
18429842.367620718	2.186170220082231e-11
20272826.604382806	1.6663235199986898e-11
22300109.264821105	1.2785569945564286e-11
24530120.191303235	9.800013703487272e-12
26983132.21043358 	7.472397706790399e-12
29681445.43147696 	5.761281594482626e-12
32649589.974624686	4.364146852031343e-12
35914548.97208718 	3.3856423619434765e-12
39506003.86929593 	2.5469855024928143e-12
43456604.256225556	1.9887495380078127e-12
47802264.68184815 	1.4852723399415114e-12
52582491.15003301 	1.1676553133807309e-12
57840740.26503636 	8.666906310427261e-13
63624814.29154004 	6.852224370986228e-13
69987295.72069411 	5.108427296336607e-13
76986025.29276358 	4.018938486962575e-13
84684627.82204    	3.0099136175669476e-13
93153090.60424407 	2.355826184790441e-13