GCR Energy Spectrum (2012.28540527 1)
Energy (MeV)      	Differential Intensity (m⁻² s⁻¹ sr⁻¹ MeV⁻¹)
3.0000000000000004	0.019860846498944186
3.3000000000000007	0.021804930722232472
3.6300000000000012	0.02393708351199702
3.993000000000002 	0.02627503595260405
4.392300000000002 	0.02883809442270705
4.831530000000003 	0.031647260183260105
5.314683000000005 	0.03472535355947631
5.846151300000006 	0.038097141764515285
6.430766430000007 	0.04178946905745951
7.073843073000009 	0.04583138749340125
7.781227380300009 	0.05025428599515154
8.55935011833001  	0.05509201483835625
9.41528513016301  	0.06038100187702418
10.35681364317931 	0.0661603559252863
11.392495007497239	0.07247195163279288
12.531744508246963	0.07936048892359035
13.784918959071657	0.08687351858932937
15.163410854978821	0.09506142391553658
16.679751940476702	0.10397734625486625
18.34772713452437 	0.1136770402282352
20.182499847976807	0.12421864172491057
22.200749832774484	0.13566232908770562
24.42082481605193 	0.1480698548261589
26.86290729765712 	0.16150392193624905
29.54919802742283 	0.1760273754846709
32.50411783016511 	0.19170217663939526
35.75452961318162 	0.2085881229415055
39.32998257449977 	0.22674127551637266
43.26298083194975 	0.24621205138073715
47.58927891514472 	0.2670429373568751
52.348206806659185	0.28930309975777563
57.583027487325104	0.31327120720844703
63.34133023605761 	0.33874213537373066
69.67546325966336 	0.36571363887199276
76.64300958562968 	0.39416024657523085
84.30731054419265 	0.4240283734009159
92.7380415986119  	0.45523091765177137
102.01184575847309	0.4876413795123728
112.21303033432038	0.5210875657495572
123.43433336775242	0.555344980508917
135.77776670452764	0.5901300417534286
149.35554337498039	0.6250933061266936
164.2910977124784 	0.659812929874573
180.72020748372623	0.6937886371468077
198.79222823209884	0.727837482187025
218.67145105530872	0.7620089512457032
240.53859616083955	0.7942082542601258
264.5924557769235 	0.8236953907993864
291.05170135461583	0.8496494133121999
320.1568714900774 	0.8711716994914928
352.1725586390851 	0.8872916163977574
387.38981450299354	0.9030470489207946
426.12879595329287	0.9141342986263696
468.7416755486221 	0.9181846106383611
515.6158431034843 	0.9141964366902713
567.1774274138327 	0.9021928679273823
623.8951701552159 	0.8921436642268232
686.2846871707374 	0.873148628385813
754.9131558878111 	0.8443981703646969
830.4044714765921 	0.8100536824255611
913.4449186242512 	0.7777043696668562
1004.7894104866762	0.7358924935687611
1105.2683515353438	0.6848511397779579
1215.795186688878 	0.6433793623689218
1337.3747053577656	0.5936032092797159
1471.1121758935421	0.5377478484626437
1618.2233934828962	0.4926861540957994
1780.0457328311857	0.4409910882855773
1958.050306114304 	0.3914415319575862
2153.855336725734 	0.3480314521631347
2369.2408703983074	0.29976742692044517
2606.164957438138 	0.2636551723604348
2866.7814531819513	0.2256677499005965
3153.459598500146 	0.19236014713145846
3468.8055583501637	0.16379388414301185
3815.686114185183 	0.1357798909629373
4197.254725603705 	0.11515698717219879
4616.9801981640785	0.09325702238890196
5078.67821798049  	0.07887735370784535
5586.546039778545 	0.06369457999933531
6145.200643756403 	0.0529799812594864
6759.720708132049 	0.04275612703532725
7435.69277894526  	0.03512798151545051
8179.262056839792 	0.028369935441808478
8997.18826252378  	0.023130384082069643
9896.907088776165 	0.01870908239371966
10886.59779765379 	0.01519310374175292
11975.25757741918 	0.01230654684381091
13172.783335161108	0.00997219276745462
14490.06166867723 	0.008072399267060399
15939.067835544965	0.006499936899907435
17532.974619099474	0.005192693823686665
19286.27208100944 	0.00412305053785447
21214.8992891104  	0.003238095313539221
23336.389218021457	0.00253949809211524
25670.028139823626	0.0019722662573840714
28237.03095380601 	0.0015377570039887243
31060.734049186634	0.0011840372132660914
34166.80745410533 	0.0009213344624147517
37583.48819951589 	0.0007043591434221715
41341.83701946751 	0.0005484181862265646
45476.020721414294	0.0004165895192628388
50023.62279355577 	0.00032512775281708995
55025.98507291139 	0.0002454564820877038
60528.583580202576	0.00019224856834136204
66581.44193822288 	0.00014423440660217833
73239.58613204522 	0.00011346734042015419
80563.54474524982 	0.00008457517074570911
88619.89921977487 	0.00006687311224256611
97481.88914175243 	0.000049767092344595444
107230.07805592776	0.00003936230216912733
117953.08586152064	0.000029395666685584938
129748.3944476728 	0.00002314180446830217
142723.23389244018	0.000017348339560824117
156995.55728168433	0.00001359112139455146
172695.1130098529 	0.000010230751371503912
189964.62431083835	0.000007974144051994827
208961.08674192237	0.00000602909077898537
229857.19541611476	0.0000046741430016572335
252842.91495772646	0.000003550704441779548
278127.2064534993 	0.000002737316263682063
305939.9270988495 	0.0000020898336926035276
336533.91980873473	0.000001601630850756086
370187.3117896085 	0.0000012293003747122193
407206.0429685697 	9.363228507251823e-7
447926.647265427  	7.227209426645331e-7
492719.31199197005	5.469160048063518e-7
541991.2431911675 	4.2468100645565816e-7
596190.3675102848 	3.1919731481786446e-7
655809.4042613137 	2.494282389263258e-7
721390.3446874457 	1.8613268380352908e-7
793529.3791561909 	1.4642140251942902e-7
872882.3170718106 	1.0869018745792763e-7
960170.5487789925 	8.590759672748947e-8
1056187.6036568927	6.404785749057991e-8
1161806.3640225828	5.0375669964051354e-8
1277987.0004248421	3.772827985989636e-8
1405785.7004673274	2.952303515677831e-8
1546364.2705140612	2.2215942832362092e-8
1701000.6975654687	1.7291769723026767e-8
1871100.767322017 	1.307671286432768e-8
2058210.8440542205	1.0121584782944047e-8
2264031.9284596443	7.694222594767547e-9
2490435.121305611 	5.920776487632198e-9
2739478.633436174 	4.525443536070773e-9
3013426.496779794 	3.461141751526666e-9
3314769.146457776 	2.6606282235496616e-9
3646246.0611035563	2.0218998474567155e-9
4010870.6672139154	1.5636312248481502e-9
4411957.7339353105	1.1803127323990055e-9
4853153.507328846 	9.185681411987309e-10
5338468.858061734 	6.884984379713143e-10
5872315.743867912 	5.393778452236699e-10
6459547.318254708 	4.0128347297331243e-10
7105502.050080185 	3.165673195976914e-10
7816052.255088209 	2.354566317326283e-10
8597657.480597038 	1.8570035262409752e-10
9457423.228656748 	1.3874022687861154e-10
10403165.551522432	1.0887242550259456e-10
11443482.106674684	8.172143153564394e-11
12587830.317342162	6.379262927709243e-11
13846613.34907639 	4.811805523635946e-11
15231274.683984041	3.735604850832158e-11
16754402.152382458	2.832145684772354e-11
18429842.367620718	2.1861521186278265e-11
20272826.604382806	1.6663125881668894e-11
22300109.264821105	1.2785480903365923e-11
24530120.191303235	9.799959876273842e-12
26983132.21043358 	7.472353910606376e-12
29681445.43147696 	5.7612550929879645e-12
32649589.974624686	4.36412531288672e-12
35914548.97208718 	3.385629314619118e-12
39506003.86929593 	2.546974910099031e-12
43456604.256225556	1.9887431145325876e-12
47802264.68184815 	1.4852671310413525e-12
52582491.15003301 	1.1676521512215386e-12
57840740.26503636 	8.666887306034374e-13
63624814.29154004 	6.852208805085423e-13
69987295.72069411 	5.108417933176516e-13
76986025.29276358 	4.0189308253568043e-13
84684627.82204    	3.009909004927466e-13
93153090.60424407 	2.355822414139929e-13