GCR Energy Spectrum (2012.65835609 1)
Energy (MeV)      	Differential Intensity (m⁻² s⁻¹ sr⁻¹ MeV⁻¹)
3.0000000000000004	0.01629341657751208
3.3000000000000007	0.017887881219034046
3.6300000000000012	0.01963660678807495
3.993000000000002 	0.02155461495128819
4.392300000000002 	0.023660019345329724
4.831530000000003 	0.025968165569348767
5.314683000000005 	0.02849797355456491
5.846151300000006 	0.031270003109175
6.430766430000007 	0.034306569406220205
7.073843073000009 	0.03763186065384805
7.781227380300009 	0.04127205639598936
8.55935011833001  	0.0452554444192388
9.41528513016301  	0.04961253367168544
10.35681364317931 	0.05437615991584127
11.392495007497239	0.059581580023399715
12.531744508246963	0.06526654985575524
13.784918959071657	0.07147137954151497
15.163410854978821	0.07823895864079741
16.679751940476702	0.0856147421566927
18.34772713452437 	0.09364668659950473
20.182499847976807	0.10238512331566262
22.200749832774484	0.11188255405301205
24.42082481605193 	0.12219335124940636
26.86290729765712 	0.13337334281738147
29.54919802742283 	0.14547925828788
32.50411783016511 	0.1585680101287622
35.75452961318162 	0.17269578095918436
39.32998257449977 	0.18791688436878282
43.26298083194975 	0.20428236429972646
47.58927891514472 	0.2218382956967615
52.348206806659185	0.24062374767846129
57.583027487325104	0.26066837020816697
63.34133023605761 	0.2819895665978572
69.67546325966336 	0.30458921768817443
76.64300958562968 	0.32844992980098775
84.30731054419265 	0.35353078818407035
92.7380415986119  	0.3797626112883717
102.01184575847309	0.40704271940852077
112.21303033432038	0.43522925441495064
123.43433336775242	0.46413511571831917
135.77776670452764	0.49359659135244066
149.35554337498039	0.5247807605468474
164.2910977124784 	0.5561931887220478
180.72020748372623	0.58747154962179
198.79222823209884	0.618185388516879
218.67145105530872	0.6478315343517738
240.53859616083955	0.6758304994722845
264.5924557769235 	0.7015241728597611
291.05170135461583	0.7241751111859428
320.1568714900774 	0.7459416798419771
352.1725586390851 	0.7660641166666747
387.38981450299354	0.78170055305535
426.12879595329287	0.79197203214529
468.7416755486221 	0.7959530786943969
515.6158431034843 	0.7944950588743982
567.1774274138327 	0.7935880302080353
623.8951701552159 	0.7852880781091823
686.2846871707374 	0.7687555573391586
754.9131558878111 	0.7439339707914184
830.4044714765921 	0.7234973954330901
913.4449186242512 	0.6946757232622606
1004.7894104866762	0.6568862366695097
1105.2683515353438	0.6200731487125904
1215.795186688878 	0.5824006087067809
1337.3747053577656	0.5366965881915572
1471.1121758935421	0.49299250044274545
1618.2233934828962	0.45135440313236347
1780.0457328311857	0.40317782038532907
1958.050306114304 	0.36285866506923836
2153.855336725734 	0.32214133263979816
2369.2408703983074	0.279429034799241
2606.164957438138 	0.2467320342485475
2866.7814531819513	0.21063737507005453
3153.459598500146 	0.18176471624124046
3468.8055583501637	0.1544638097910601
3815.686114185183 	0.12939707169098777
4197.254725603705 	0.10957974978871259
4616.9801981640785	0.08953579983992731
5078.67821798049  	0.07564805762775922
5586.546039778545 	0.06092434799774516
6145.200643756403 	0.051156237718131894
6759.720708132049 	0.04120079803265545
7435.69277894526  	0.03411588585479998
8179.262056839792 	0.02751109462292002
8997.18826252378  	0.022574407618517596
9896.907088776165 	0.018239281846351787
10886.59779765379 	0.014888794289371853
11975.25757741918 	0.012050344302996958
13172.783335161108	0.009805214922655344
14490.06166867723 	0.00793231465456682
15939.067835544965	0.00640660368757876
17532.974619099474	0.005114823634116937
19286.27208100944 	0.004072009278807942
21214.8992891104  	0.0031957531422738094
23336.389218021457	0.002512769274918392
25670.028139823626	0.001950185823345155
28237.03095380601 	0.0015240824006749361
31060.734049186634	0.0011727789893332858
34166.80745410533 	0.0009144384325526477
37583.48819951589 	0.0006986977335993993
41341.83701946751 	0.0005449706889595028
45476.020721414294	0.000413766135926363
50023.62279355577 	0.0003234131405957539
55025.98507291139 	0.00024405531029280896
60528.583580202576	0.00019139841620411733
66581.44193822288 	0.00014354103671941713
73239.58613204522 	0.0001130466217279139
80563.54474524982 	0.00008423266879619903
88619.89921977487 	0.00006666517751166926
97481.88914175243 	0.0000496421205777136
107230.07805592776	0.000039259627117185416
117953.08586152064	0.00002933392520462615
129748.3944476728 	0.000023091150296760334
142723.23389244018	0.000017317859813375267
156995.55728168433	0.000013566148964782121
172695.1130098529 	0.00001021571345151719
189964.62431083835	0.000007961839447495672
208961.08674192237	0.000006021675401924121
229857.19541611476	0.000004668083193909617
252842.91495772646	0.0000035470494306399038
278127.2064534993 	0.0000027343331421045903
305939.9270988495 	0.0000020880328208136126
336533.91980873473	0.0000016001628401086365
370187.3117896085 	0.0000012284133528601955
407206.0429685697 	9.35600662819413e-7
447926.647265427  	7.222841484014531e-7
492719.31199197005	5.465608116217958e-7
541991.2431911675 	4.2446596550752294e-7
596190.3675102848 	3.1902265938554787e-7
655809.4042613137 	2.4932238134370937e-7
721390.3446874457 	1.860468115948638e-7
793529.3791561909 	1.463692989725928e-7
872882.3170718106 	1.0865888968567778e-7
960170.5487789925 	8.58819544700382e-8
1056187.6036568927	6.403244079105955e-8
1161806.3640225828	5.036305195731679e-8
1277987.0004248421	3.772068649872063e-8
1405785.7004673274	2.9516826678720833e-8
1546364.2705140612	2.221220324860728e-8
1701000.6975654687	1.7288715353101707e-8
1871100.767322017 	1.3074871371539757e-8
2058210.8440542205	1.0120082298251483e-8
2264031.9284596443	7.693315871437762e-9
2490435.121305611 	5.9200374774604034e-9
2739478.633436174 	4.524997116143797e-9
3013426.496779794 	3.46077829876602e-9
3314769.146457776 	2.660408448761674e-9
3646246.0611035563	2.021721114828687e-9
4010870.6672139154	1.5635230380767938e-9
4411957.7339353105	1.1802248473438356e-9
4853153.507328846 	9.185148848134346e-10
5338468.858061734 	6.884552246823535e-10
5872315.743867912 	5.393516306715201e-10
6459547.318254708 	4.012622266602217e-10
7105502.050080185 	3.165544166837743e-10
7816052.255088209 	2.354488750687526e-10
8597657.480597038 	1.8569400225836889e-10
9457423.228656748 	1.3873640593828481e-10
10403165.551522432	1.0886930039326457e-10
11443482.106674684	8.171954951526641e-11
12587830.317342162	6.379109153653855e-11
13846613.34907639 	4.811712832433041e-11
15231274.683984041	3.7355291930879053e-11
16754402.152382458	2.8321000376688766e-11
18429842.367620718	2.1861148986190905e-11
20272826.604382806	1.6662901102290994e-11
22300109.264821105	1.278529781546525e-11
24530120.191303235	9.79984919705005e-12
26983132.21043358 	7.472263857088566e-12
29681445.43147696 	5.761200600687431e-12
32649589.974624686	4.3640810241397e-12
35914548.97208718 	3.3856024867175504e-12
39506003.86929593 	2.5469531300175095e-12
43456604.256225556	1.9887299065742523e-12
47802264.68184815 	1.4852564204911544e-12
52582491.15003301 	1.167645649180781e-12
57840740.26503636 	8.666848229131099e-13
63624814.29154004 	6.852176798415797e-13
69987295.72069411 	5.108398680601334e-13
76986025.29276358 	4.0189150715232074e-13
84684627.82204    	3.0098995203914585e-13
93153090.60424407 	2.355814660905449e-13