GCR Energy Spectrum (2010.0438356 1)
Energy (MeV)      	Differential Intensity (m⁻² s⁻¹ sr⁻¹ MeV⁻¹)
3.0000000000000004	0.04267579221010621
3.3000000000000007	0.04684612732793633
3.6300000000000012	0.05141787065182982
3.993000000000002 	0.05642839089473995
4.392300000000002 	0.0619182718198481
4.831530000000003 	0.06793153309966182
5.314683000000005 	0.07451585391281905
5.846151300000006 	0.08172279594214771
6.430766430000007 	0.0896080214742658
7.073843073000009 	0.09823150114677283
7.781227380300009 	0.10765770451575278
8.55935011833001  	0.11795576499398028
9.41528513016301  	0.12919960880808734
10.35681364317931 	0.14146803541044062
11.392495007497239	0.15484473423013043
12.531744508246963	0.16941821973337964
13.784918959071657	0.18528166347094588
15.163410854978821	0.20253259811532223
16.679751940476702	0.2212724644486489
18.34772713452437 	0.24160596789379238
20.182499847976807	0.2636402065611297
22.200749832774484	0.28748352803256527
24.42082481605193 	0.3132440674001036
26.86290729765712 	0.3410279146680835
29.54919802742283 	0.37101147760986763
32.50411783016511 	0.40327438845265734
35.75452961318162 	0.43787776630051345
39.32998257449977 	0.47489930741402
43.26298083194975 	0.5143992730424836
47.58927891514472 	0.5564154370030759
52.348206806659185	0.6009573167672182
57.583027487325104	0.6479996731712251
63.34133023605761 	0.6974752886848249
69.67546325966336 	0.7492670663765193
76.64300958562968 	0.803199531772857
84.30731054419265 	0.8590298677140924
92.7380415986119  	0.9164386673902055
102.01184575847309	0.9750206514589772
112.21303033432038	1.034275658907406
123.43433336775242	1.0936032101346262
135.77776670452764	1.1543033508821068
149.35554337498039	1.2140019832948703
164.2910977124784 	1.2718196980468937
180.72020748372623	1.3267619009371587
198.79222823209884	1.3777203505561635
218.67145105530872	1.4234779325818232
240.53859616083955	1.4627169558349047
264.5924557769235 	1.501117856366521
291.05170135461583	1.5315095107747425
320.1568714900774 	1.5524766291895926
352.1725586390851 	1.5625922204727292
387.38981450299354	1.5622910042088443
426.12879595329287	1.560216066975028
468.7416755486221 	1.5452330729581711
515.6158431034843 	1.5161550812482048
567.1774274138327 	1.4771148518352442
623.8951701552159 	1.436602437158283
686.2846871707374 	1.3815630833183128
754.9131558878111 	1.3112905047930048
830.4044714765921 	1.249194964738026
913.4449186242512 	1.1739866875097795
1004.7894104866762	1.0858396932583576
1105.2683515353438	1.0110270096731577
1215.795186688878 	0.9247499461714631
1337.3747053577656	0.836492269336974
1471.1121758935421	0.757861489017685
1618.2233934828962	0.6703310245377474
1780.0457328311857	0.5970268202929745
1958.050306114304 	0.5228253304682482
2153.855336725734 	0.4524619783365304
2369.2408703983074	0.39271567268239804
2606.164957438138 	0.3305160544347426
2866.7814531819513	0.2846614070983011
3153.459598500146 	0.2358912522241434
3468.8055583501637	0.1997590516637288
3815.686114185183 	0.1642288853429383
4197.254725603705 	0.13631274519371647
4616.9801981640785	0.11138489816811298
5078.67821798049  	0.09095378511105695
5586.546039778545 	0.07401049819752595
6145.200643756403 	0.05971554923539751
6759.720708132049 	0.048478991417614324
7435.69277894526  	0.03882553122669399
8179.262056839792 	0.031497366045651606
8997.18826252378  	0.02514259730872669
9896.907088776165 	0.020404581883043026
10886.59779765379 	0.016285654611455237
11975.25757741918 	0.013224125009881939
13172.783335161108	0.0105676126949071
14490.06166867723 	0.00857086999705989
15939.067835544965	0.006830887797565126
17532.974619099474	0.00546832370995051
19286.27208100944 	0.0043031802418441
21214.8992891104  	0.0033873027813945953
23336.389218021457	0.002633440104239259
25670.028139823626	0.0020497740813281077
28237.03095380601 	0.00158565048372671
31060.734049186634	0.001223426428099174
34166.80745410533 	0.0009454155936560691
37583.48819951589 	0.0007241116602600301
41341.83701946751 	0.0005604270276391867
45476.020721414294	0.00042641717367587783
50023.62279355577 	0.0003310878954278309
55025.98507291139 	0.000250324115732171
60528.583580202576	0.0001951986146480529
66581.44193822288 	0.00014663919809662404
73239.58613204522 	0.00011492511468582034
80563.54474524982 	0.00008576142868693912
88619.89921977487 	0.00006759272155094062
97481.88914175243 	0.000050199294720525984
107230.07805592776	0.000039717274073405416
117953.08586152064	0.000029609000721378605
129748.3944476728 	0.00002331677994259427
142723.23389244018	0.000017453576455998797
156995.55728168433	0.000013677323362121064
172695.1130098529 	0.000010282640077121914
189964.62431083835	0.000008016593279116688
208961.08674192237	0.0000060546644129848536
229857.19541611476	0.000004695038345083867
252842.91495772646	0.0000035633041403726822
278127.2064534993 	0.0000027475984579800425
305939.9270988495 	0.0000020960394989176232
336533.91980873473	0.00000160668907314082
370187.3117896085 	0.0000012323561407990754
407206.0429685697 	9.388105476808139e-7
447926.647265427  	7.242253139426765e-7
492719.31199197005	5.48139242834263e-7
541991.2431911675 	4.254214805020213e-7
596190.3675102848 	3.197986887600715e-7
655809.4042613137 	2.497926876097717e-7
721390.3446874457 	1.8642831175689826e-7
793529.3791561909 	1.466007602260832e-7
872882.3170718106 	1.0879791632090091e-7
960170.5487789925 	8.599585548674518e-8
1056187.6036568927	6.410091716269882e-8
1161806.3640225828	5.0419095962811495e-8
1277987.0004248421	3.775441166771237e-8
1405785.7004673274	2.954440045351451e-8
1546364.2705140612	2.2228811314678232e-8
1701000.6975654687	1.7302280047476612e-8
1871100.767322017 	1.3083049344598397e-8
2058210.8440542205	1.0126754660155555e-8
2264031.9284596443	7.697342427271666e-9
2490435.121305611 	5.923319218542804e-9
2739478.633436174 	4.526979504028687e-9
3013426.496779794 	3.462392244341894e-9
3314769.146457776 	2.661384362475433e-9
3646246.0611035563	2.0225147738844706e-9
4010870.6672139154	1.5640034327225634e-9
4411957.7339353105	1.1806150913269136e-9
4853153.507328846 	9.187513611872292e-10
5338468.858061734 	6.886471052871756e-10
5872315.743867912 	5.394680303915418e-10
6459547.318254708 	4.013565656380471e-10
7105502.050080185 	3.1661170840025805e-10
7816052.255088209 	2.354833160872004e-10
8597657.480597038 	1.8572219895565721e-10
9457423.228656748 	1.3875337146093484e-10
10403165.551522432	1.0888317628682942e-10
11443482.106674684	8.172790589121653e-11
12587830.317342162	6.379791925637294e-11
13846613.34907639 	4.812124388868484e-11
15231274.683984041	3.735865118936709e-11
16754402.152382458	2.8323027134265034e-11
18429842.367620718	2.1862801573280784e-11
20272826.604382806	1.666389913123906e-11
22300109.264821105	1.2786110731603892e-11
24530120.191303235	9.800340615203766e-12
26983132.21043358 	7.472663696226685e-12
29681445.43147696 	5.761442546952138e-12
32649589.974624686	4.364277666366741e-12
35914548.97208718 	3.3857216025234243e-12
39506003.86929593 	2.5470498334457084e-12
43456604.256225556	1.9887885497492916e-12
47802264.68184815 	1.4853039751756052e-12
52582491.15003301 	1.1676745181131715e-12
57840740.26503636 	8.6670217296431e-13
63624814.29154004 	6.852318907192193e-13
69987295.72069411 	5.108484161463773e-13
76986025.29276358 	4.018985018049315e-13
84684627.82204    	3.0099416314054576e-13
93153090.60424407 	2.355849084988941e-13