GCR Energy Spectrum (2011.91232875 1)
Energy (MeV)      	Differential Intensity (m⁻² s⁻¹ sr⁻¹ MeV⁻¹)
3.0000000000000004	0.01205879981503965
3.3000000000000007	0.013239832148710228
3.6300000000000012	0.014535364071317164
3.993000000000002 	0.015956253261180338
4.392300000000002 	0.017514336334407368
4.831530000000003 	0.019222506405695953
5.314683000000005 	0.021094794451883326
5.846151300000006 	0.023146454092690543
6.430766430000007 	0.025394049220234523
7.073843073000009 	0.02785554368214037
7.781227380300009 	0.030550391944130572
8.55935011833001  	0.033499629317181215
9.41528513016301  	0.036725959920759624
10.35681364317931 	0.04025384005490326
11.392495007497239	0.04410955405614205
12.531744508246963	0.04832127900026935
13.784918959071657	0.05291913377224929
15.163410854978821	0.05793520703265834
16.679751940476702	0.06340355745305339
18.34772713452437 	0.06936017825184372
20.182499847976807	0.07584291652123598
22.200749832774484	0.08289133608103993
24.42082481605193 	0.090546510617809
26.86290729765712 	0.09885073166665002
29.54919802742283 	0.10784711357769101
32.50411783016511 	0.11757907500439949
35.75452961318162 	0.12808967370189436
39.32998257449977 	0.13942076860186353
43.26298083194975 	0.15161198034228487
47.58927891514472 	0.16477247077521856
52.348206806659185	0.17899406100438778
57.583027487325104	0.19422412967497799
63.34133023605761 	0.21048982207370007
69.67546325966336 	0.22780886531531122
76.64300958562968 	0.24618695370812904
84.30731054419265 	0.2656147391718482
92.7380415986119  	0.28606440680058204
102.01184575847309	0.3074858254584193
112.21303033432038	0.329802276701591
123.43433336775242	0.3529057827647702
135.77776670452764	0.37665207610000734
149.35554337498039	0.4008552790440404
164.2910977124784 	0.4252823922991238
180.72020748372623	0.449647724283968
198.79222823209884	0.47360742874621714
218.67145105530872	0.49766434394712633
240.53859616083955	0.5223153031694294
264.5924557769235 	0.5457804235261656
291.05170135461583	0.5675375029509588
320.1568714900774 	0.5869975759759558
352.1725586390851 	0.6035049492284691
387.38981450299354	0.616338889570326
426.12879595329287	0.6267241324728148
468.7416755486221 	0.6368800528739609
515.6158431034843 	0.6422329204858509
567.1774274138327 	0.6420037350396401
623.8951701552159 	0.6353876881331817
686.2846871707374 	0.6263671933314088
754.9131558878111 	0.6164582381647798
830.4044714765921 	0.5996412837864129
913.4449186242512 	0.5752606482840816
1004.7894104866762	0.550957882783212
1105.2683515353438	0.5255542125271767
1215.795186688878 	0.4929866903141633
1337.3747053577656	0.45714653541081324
1471.1121758935421	0.42646267537846455
1618.2233934828962	0.3896326708186179
1780.0457328311857	0.3516358795509238
1958.050306114304 	0.31963119230690235
2153.855336725734 	0.282825977095803
2369.2408703983074	0.250572973981346
2606.164957438138 	0.2207375727197334
2866.7814531819513	0.1883883807313506
3153.459598500146 	0.16531902832198864
3468.8055583501637	0.13993528028937952
3815.686114185183 	0.11939617251700416
4197.254725603705 	0.10081539843381393
4616.9801981640785	0.08365585694135357
5078.67821798049  	0.07053192377324594
5586.546039778545 	0.05725482945797633
6145.200643756403 	0.04824606247213201
6759.720708132049 	0.038713687970280256
7435.69277894526  	0.03249067288946609
8179.262056839792 	0.026129400282288454
8997.18826252378  	0.021676734672321212
9896.907088776165 	0.017479504698596004
10886.59779765379 	0.014395143983660043
11975.25757741918 	0.01163414025513033
13172.783335161108	0.009533257006444308
14490.06166867723 	0.007703877198317967
15939.067835544965	0.006254088220298635
17532.974619099474	0.004987443592690482
19286.27208100944 	0.003988368620485419
21214.8992891104  	0.003126306811462528
23336.389218021457	0.0024688624371852286
25670.028139823626	0.0019138880658243552
28237.03095380601 	0.0015015727696078228
31060.734049186634	0.0011542354708592912
34166.80745410533 	0.0009030669737366396
37583.48819951589 	0.0006893573043030662
41341.83701946751 	0.0005392773837867753
45476.020721414294	0.00040910148934453704
50023.62279355577 	0.000320578050151795
55025.98507291139 	0.0002417376510234281
60528.583580202576	0.00018999123371886466
66581.44193822288 	0.00014239301621684201
73239.58613204522 	0.0001123496355596139
80563.54474524982 	0.00008366511872814527
88619.89921977487 	0.00006632045036449433
97481.88914175243 	0.00004943485048850817
107230.07805592776	0.00003908930266365281
117953.08586152064	0.000029231469442816653
129748.3944476728 	0.000023007079145558656
142723.23389244018	0.000017267257995553716
156995.55728168433	0.000013524684549072695
172695.1130098529 	0.00001019073847057875
189964.62431083835	0.00000794140162152956
208961.08674192237	0.000006009356104703672
229857.19541611476	0.000004658014976626842
252842.91495772646	0.000003540975722748849
278127.2064534993 	0.000002729375558457748
305939.9270988495 	0.0000020850395810605665
336533.91980873473	0.0000015977226936164966
370187.3117896085 	0.0000012269387647205109
407206.0429685697 	9.344000313689691e-7
447926.647265427  	7.215579121874751e-7
492719.31199197005	5.459702235994109e-7
541991.2431911675 	4.2410838341064953e-7
596190.3675102848 	3.1873222208914054e-7
655809.4042613137 	2.491463373933725e-7
721390.3446874457 	1.8590399959948544e-7
793529.3791561909 	1.4628264202249017e-7
872882.3170718106 	1.0860683378155038e-7
960170.5487789925 	8.583930407362352e-8
1056187.6036568927	6.400679741132005e-8
1161806.3640225828	5.034206337702977e-8
1277987.0004248421	3.770805541656474e-8
1405785.7004673274	2.950649909742643e-8
1546364.2705140612	2.220598241533662e-8
1701000.6975654687	1.7283634312366815e-8
1871100.767322017 	1.3071807920691884e-8
2058210.8440542205	1.0117582783613719e-8
2264031.9284596443	7.6918074293971e-9
2490435.121305611 	5.918808035152898e-9
2739478.633436174 	4.524254425161629e-9
3013426.496779794 	3.4601736324685037e-9
3314769.146457776 	2.6600428107305938e-9
3646246.0611035563	2.0214237565883296e-9
4010870.6672139154	1.5633430453116049e-9
4411957.7339353105	1.180078630267468e-9
4853153.507328846 	9.184262797149287e-10
5338468.858061734 	6.883833284486722e-10
5872315.743867912 	5.393080158034636e-10
6459547.318254708 	4.012268776570403e-10
7105502.050080185 	3.165329490515144e-10
7816052.255088209 	2.354359696037027e-10
8597657.480597038 	1.856834365506384e-10
9457423.228656748 	1.3873004864776451e-10
10403165.551522432	1.0886410081664956e-10
11443482.106674684	8.171641818619106e-11
12587830.317342162	6.378853301986997e-11
13846613.34907639 	4.81155861088694e-11
15231274.683984041	3.735403311974092e-11
16754402.152382458	2.832024088760005e-11
18429842.367620718	2.186052970865931e-11
20272826.604382806	1.666252710689542e-11
22300109.264821105	1.278499318742321e-11
24530120.191303235	9.799665044761497e-12
26983132.21043358 	7.472114022505326e-12
29681445.43147696 	5.761109934119642e-12
32649589.974624686	4.364007334619883e-12
35914548.97208718 	3.385557849246653e-12
39506003.86929593 	2.546916891316359e-12
43456604.256225556	1.9887079305428782e-12
47802264.68184815 	1.4852385997582432e-12
52582491.15003301 	1.16763483076061e-12
57840740.26503636 	8.666783210979756e-13
63624814.29154004 	6.852123544061167e-13
69987295.72069411 	5.108366647150019e-13
76986025.29276358 	4.0188888594548224e-13
84684627.82204    	3.009883739506634e-13
93153090.60424407 	2.3558017606506506e-13