GCR Energy Spectrum (2013.55331049 1)
Energy (MeV)      	Differential Intensity (m⁻² s⁻¹ sr⁻¹ MeV⁻¹)
3.0000000000000004	0.018571079719250306
3.3000000000000007	0.020388787771573654
3.6300000000000012	0.022382350242066903
3.993000000000002 	0.024568352669632604
4.392300000000002 	0.026964855710535758
4.831530000000003 	0.029591507495885187
5.314683000000005 	0.03246966039849799
5.846151300000006 	0.035622491339612886
6.430766430000007 	0.03907512443678782
7.073843073000009 	0.04285475439101837
7.781227380300009 	0.0469907685204019
8.55935011833001  	0.051514864754576783
9.41528513016301  	0.05646116219196015
10.35681364317931 	0.06186629997205261
11.392495007497239	0.06776951920781948
12.531744508246963	0.07421272153723181
13.784918959071657	0.08124049646671426
15.163410854978821	0.08890010807100612
16.679751940476702	0.09724142976389936
18.34772713452437 	0.10631681374593513
20.182499847976807	0.11618087935770849
22.200749832774484	0.1268902019192957
24.42082481605193 	0.13850288072901465
26.86290729765712 	0.15107796175821445
29.54919802742283 	0.16467468726778414
32.50411783016511 	0.17935154117368898
35.75452961318162 	0.19522850154484153
39.32998257449977 	0.2123951130018063
43.26298083194975 	0.2308444216506465
47.58927891514472 	0.25062654113582084
52.348206806659185	0.2717834550732477
57.583027487325104	0.2943463079924498
63.34133023605761 	0.3183322471329135
69.67546325966336 	0.3437407829616049
76.64300958562968 	0.3705496447056394
84.30731054419265 	0.39871011950431645
92.7380415986119  	0.42814188060499286
102.01184575847309	0.4587273318816424
112.21303033432038	0.4903055231709846
123.43433336775242	0.5226657235157531
135.77776670452764	0.5555407769550548
149.35554337498039	0.5886004070115723
164.2910977124784 	0.621444679804099
180.72020748372623	0.6549320932088213
198.79222823209884	0.6887503526145392
218.67145105530872	0.7213471741838221
240.53859616083955	0.7520924303913212
264.5924557769235 	0.7802750099710865
291.05170135461583	0.805103231517634
320.1568714900774 	0.8257073526211561
352.1725586390851 	0.8434998342949162
387.38981450299354	0.8601643892638683
426.12879595329287	0.8710168750475819
468.7416755486221 	0.8750972555483093
515.6158431034843 	0.871416910413587
567.1774274138327 	0.8640506267021315
623.8951701552159 	0.8546656882157279
686.2846871707374 	0.8365830414805729
754.9131558878111 	0.8089869123772802
830.4044714765921 	0.7798496770052696
913.4449186242512 	0.7487697855054543
1004.7894104866762	0.7083954172617389
1105.2683515353438	0.662359299965667
1215.795186688878 	0.6222336154182935
1337.3747053577656	0.5738937590100094
1471.1121758935421	0.5222816720824218
1618.2233934828962	0.4784198589494443
1780.0457328311857	0.42795378666986517
1958.050306114304 	0.3816072139939117
2153.855336725734 	0.33913292966926273
2369.2408703983074	0.2918177012750453
2606.164957438138 	0.25785537126444985
2866.7814531819513	0.22052125547665122
3153.459598500146 	0.18873846058356186
3468.8055583501637	0.1606073358341673
3815.686114185183 	0.1336033007212376
4197.254725603705 	0.11325652057814725
4616.9801981640785	0.09199073844357647
5078.67821798049  	0.07777919925166417
5586.546039778545 	0.06275310006605152
6145.200643756403 	0.05236091434401394
6759.720708132049 	0.0422284543287694
7435.69277894526  	0.03478496799267887
8179.262056839792 	0.028078998916188713
8997.18826252378  	0.022942213195456005
9896.907088776165 	0.018550143266884006
10886.59779765379 	0.015090230888223697
11975.25757741918 	0.012219967672833962
13172.783335161108	0.009915801802367273
14490.06166867723 	0.008025105140049916
15939.067835544965	0.006468442866490625
17532.974619099474	0.005166424436181413
19286.27208100944 	0.004105839420804741
21214.8992891104  	0.0032238206578831217
23336.389218021457	0.002530490605311294
25670.028139823626	0.0019648266246756426
28237.03095380601 	0.0015331511129966025
31060.734049186634	0.0011802457955767396
34166.80745410533 	0.0009190127547978614
37583.48819951589 	0.0007024533461407813
41341.83701946751 	0.0005472579357403587
45476.020721414294	0.0004156394164230618
50023.62279355577 	0.0003245508815540111
55025.98507291139 	0.000244985108638111
60528.583580202576	0.00019196261399753015
66581.44193822288 	0.00014400120456572573
73239.58613204522 	0.00011332585964584384
80563.54474524982 	0.00008446000017601411
88619.89921977487 	0.00006680319990558519
97481.88914175243 	0.00004972507827538383
107230.07805592776	0.000039327785730940216
117953.08586152064	0.000029374912706813174
129748.3944476728 	0.00002312477812159994
142723.23389244018	0.00001733809515060492
156995.55728168433	0.000013582728313217852
172695.1130098529 	0.000010225697516115814
189964.62431083835	0.000007970008911035594
208961.08674192237	0.000006026598856411121
229857.19541611476	0.000004672106663420665
252842.91495772646	0.0000035494762619535074
278127.2064534993 	0.0000027363138759248054
305939.9270988495 	0.0000020892285848271973
336533.91980873473	0.0000016011375949952212
370187.3117896085 	0.0000012290023413489747
407206.0429685697 	9.360802036732182e-7
447926.647265427  	7.225741881753424e-7
492719.31199197005	5.467966680176262e-7
541991.2431911675 	4.2460875904836896e-7
596190.3675102848 	3.1913863627955794e-7
655809.4042613137 	2.493926748142701e-7
721390.3446874457 	1.8610383422920184e-7
793529.3791561909 	1.4640389808566218e-7
872882.3170718106 	1.086796729463115e-7
960170.5487789925 	8.589898224127143e-8
1056187.6036568927	6.404267831917644e-8
1161806.3640225828	5.037143102156752e-8
1277987.0004248421	3.772572893725873e-8
1405785.7004673274	2.9520949481739974e-8
1546364.2705140612	2.221468656577385e-8
1701000.6975654687	1.7290743648874463e-8
1871100.767322017 	1.3076094243298903e-8
2058210.8440542205	1.0121080047814753e-8
2264031.9284596443	7.69391799734789e-9
2490435.121305611 	5.920528230991981e-9
2739478.633436174 	4.525293570237744e-9
3013426.496779794 	3.461019657076551e-9
3314769.146457776 	2.660554394989299e-9
3646246.0611035563	2.021839806208567e-9
4010870.6672139154	1.5635948820094738e-9
4411957.7339353105	1.1802832094882943e-9
4853153.507328846 	9.185502510133063e-10
5338468.858061734 	6.884839215344028e-10
5872315.743867912 	5.393690391091555e-10
6459547.318254708 	4.0127633581885126e-10
7105502.050080185 	3.1656298520123826e-10
7816052.255088209 	2.354540260877749e-10
8597657.480597038 	1.8569821938912094e-10
9457423.228656748 	1.387389433376656e-10
10403165.551522432	1.0887137570772168e-10
11443482.106674684	8.172079932304119e-11
12587830.317342162	6.379211271599333e-11
13846613.34907639 	4.8117743866327704e-11
15231274.683984041	3.735579435749961e-11
16754402.152382458	2.8321303509271756e-11
18429842.367620718	2.1861396156291347e-11
20272826.604382806	1.6663050373498685e-11
22300109.264821105	1.2785419400264573e-11
24530120.191303235	9.79992269679648e-12
26983132.21043358 	7.472323659743473e-12
29681445.43147696 	5.761236787889634e-12
32649589.974624686	4.3641104353770465e-12
35914548.97208718 	3.3856203025728007e-12
39506003.86929593 	2.5469675937207745e-12
43456604.256225556	1.9887386777083112e-12
47802264.68184815 	1.4852635331481556e-12
52582491.15003301 	1.1676499670533423e-12
57840740.26503636 	8.666874179307417e-13
63624814.29154004 	6.852198053394755e-13
69987295.72069411 	5.10841146584634e-13
76986025.29276358 	4.0189255333252265e-13
84684627.82204    	3.009905818880267e-13
93153090.60424407 	2.355819809672013e-13