GCR Energy Spectrum (2011.83692921 1)
Energy (MeV)      	Differential Intensity (m⁻² s⁻¹ sr⁻¹ MeV⁻¹)
3.0000000000000004	0.011621218536488205
3.3000000000000007	0.012759300585756772
3.6300000000000012	0.014007713811097841
3.993000000000002 	0.015376921150846748
4.392300000000002 	0.016878329140728163
4.831530000000003 	0.018524362739786818
5.314683000000005 	0.02032854384094591
5.846151300000006 	0.022305573098493875
6.430766430000007 	0.024471414529117764
7.073843073000009 	0.026843382125164492
7.781227380300009 	0.02944022745054702
8.55935011833001  	0.03228222686181577
9.41528513016301  	0.03539126659876248
10.35681364317931 	0.03879092350849182
11.392495007497239	0.04250653859073314
12.531744508246963	0.04656527986542861
13.784918959071657	0.05099619025020464
15.163410854978821	0.055830215178085
16.679751940476702	0.06110020356704143
18.34772713452437 	0.0668408744551085
20.182499847976807	0.07308874012133917
22.200749832774484	0.07988197480987087
24.42082481605193 	0.08726021625226034
26.86290729765712 	0.09526428503939452
29.54919802742283 	0.10393580453626203
32.50411783016511 	0.11331670148250354
35.75452961318162 	0.12347085079340199
39.32998257449977 	0.1345116216466466
43.26298083194975 	0.14641510719826117
47.58927891514472 	0.15922336761099037
52.348206806659185	0.17297496043444227
57.583027487325104	0.187703389505468
63.34133023605761 	0.20343525669735504
69.67546325966336 	0.22018808392895528
76.64300958562968 	0.23796777457757068
84.30731054419265 	0.2567656871415366
92.7380415986119  	0.2765553001711775
102.01184575847309	0.29728845665251163
112.21303033432038	0.31889118869315264
123.43433336775242	0.34125913996199797
135.77776670452764	0.36425262417291415
149.35554337498039	0.38769138305310685
164.2910977124784 	0.4113491364530483
180.72020748372623	0.4349480498662738
198.79222823209884	0.4581532794455955
218.67145105530872	0.4827817600061646
240.53859616083955	0.5067682960961738
264.5924557769235 	0.5296063950686712
291.05170135461583	0.5507852201509957
320.1568714900774 	0.5697276433336432
352.1725586390851 	0.5857900221621645
387.38981450299354	0.5982635827966873
426.12879595329287	0.6101375567983823
468.7416755486221 	0.6201060416551849
515.6158431034843 	0.6253706719689716
567.1774274138327 	0.6251596578617342
623.8951701552159 	0.6186737931450913
686.2846871707374 	0.6117468422252686
754.9131558878111 	0.6020982435140873
830.4044714765921 	0.5856401260490592
913.4449186242512 	0.5617147829664054
1004.7894104866762	0.5396428878738604
1105.2683515353438	0.5147236176086203
1215.795186688878 	0.482706626791671
1337.3747053577656	0.4489232462865572
1471.1121758935421	0.4187398088642875
1618.2233934828962	0.3824454627493351
1780.0457328311857	0.3461222933478047
1958.050306114304 	0.31455255052188114
2153.855336725734 	0.2781939444436603
2369.2408703983074	0.24715472472896852
2606.164957438138 	0.2176501920327423
2866.7814531819513	0.18619000355705742
3153.459598500146 	0.16335135899877135
3468.8055583501637	0.13819309691758283
3815.686114185183 	0.11819163781768585
4197.254725603705 	0.09975764325923686
4616.9801981640785	0.08294344851490784
5078.67821798049  	0.06991091737182843
5586.546039778545 	0.05684488789145431
6145.200643756403 	0.04789102748764469
6759.720708132049 	0.03840981896975289
7435.69277894526  	0.03229152014168866
8179.262056839792 	0.025959867417163236
8997.18826252378  	0.02156631052379788
9896.907088776165 	0.017385936305461064
10886.59779765379 	0.01433421806485504
11975.25757741918 	0.01158272143689687
13172.783335161108	0.009499597524877057
14490.06166867723 	0.007675579763844854
15939.067835544965	0.006235167903919521
17532.974619099474	0.004971629911913573
19286.27208100944 	0.0039779720866686295
21214.8992891104  	0.0031176693343084967
23336.389218021457	0.0024633954744520243
25670.028139823626	0.0019093661964209702
28237.03095380601 	0.0014987659397384828
31060.734049186634	0.0011519221902598622
34166.80745410533 	0.0009016472601466323
37583.48819951589 	0.0006881907379635279
41341.83701946751 	0.0005385658401768621
45476.020721414294	0.00040851832892413995
50023.62279355577 	0.00032022341316177163
55025.98507291139 	0.00024144766498720088
60528.583580202576	0.0001898150823952189
66581.44193822288 	0.00014224927640592368
73239.58613204522 	0.00011226233322547326
80563.54474524982 	0.00008359401665102378
88619.89921977487 	0.00006627724880269591
97481.88914175243 	0.00004940886777035742
107230.07805592776	0.000039067948314901815
117953.08586152064	0.000029218621035565032
129748.3944476728 	0.000022996535014295993
142723.23389244018	0.000017260910295211535
156995.55728168433	0.00001351948257704476
172695.1130098529 	0.000010187604681123435
189964.62431083835	0.000007938836935318259
208961.08674192237	0.000006007809975761498
229857.19541611476	0.000004656751284726379
252842.91495772646	0.0000035402133053883
278127.2064534993 	0.0000027287532112351823
305939.9270988495 	0.000002084663790273799
336533.91980873473	0.0000015974163278783719
370187.3117896085 	0.0000012267536120432477
407206.0429685697 	9.34249271689894e-7
447926.647265427  	7.214667147676895e-7
492719.31199197005	5.458960579735203e-7
541991.2431911675 	4.2406347598912003e-7
596190.3675102848 	3.1869574621017083e-7
655809.4042613137 	2.491242270865833e-7
721390.3446874457 	1.8588606269754827e-7
793529.3791561909 	1.4627175765835767e-7
872882.3170718106 	1.086002951925536e-7
960170.5487789925 	8.583394679391194e-8
1056187.6036568927	6.400357627952513e-8
1161806.3640225828	5.033942691065816e-8
1277987.0004248421	3.770646873522801e-8
1405785.7004673274	2.9505201760811875e-8
1546364.2705140612	2.2205200947821997e-8
1701000.6975654687	1.7282996020834392e-8
1871100.767322017 	1.307142307710817e-8
2058210.8440542205	1.011726878166275e-8
2264031.9284596443	7.69161792859101e-9
2490435.121305611 	5.918653583226267e-9
2739478.633436174 	4.524161121618418e-9
3013426.496779794 	3.4600976684366607e-9
3314769.146457776 	2.6599968753187827e-9
3646246.0611035563	2.021386399063816e-9
4010870.6672139154	1.5633204323991222e-9
4411957.7339353105	1.1800602606090908e-9
4853153.507328846 	9.184151479383531e-10
5338468.858061734 	6.883742958405507e-10
5872315.743867912 	5.393025362658497e-10
6459547.318254708 	4.0122243658766444e-10
7105502.050080185 	3.1653025195511853e-10
7816052.255088209 	2.3543434821319783e-10
8597657.480597038 	1.8568210911528183e-10
9457423.228656748 	1.3872924993942984e-10
10403165.551522432	1.0886344755852856e-10
11443482.106674684	8.171602477502147e-11
12587830.317342162	6.378821157478868e-11
13846613.34907639 	4.8115392348686155e-11
15231274.683984041	3.735387496561697e-11
16754402.152382458	2.8320145466971255e-11
18429842.367620718	2.186045190385085e-11
20272826.604382806	1.666248011877971e-11
22300109.264821105	1.2784954914470942e-11
24530120.191303235	9.799641908149911e-12
26983132.21043358 	7.472095197506678e-12
29681445.43147696 	5.761098542892151e-12
32649589.974624686	4.3639980763616436e-12
35914548.97208718 	3.385552241046288e-12
39506003.86929593 	2.5469123383258952e-12
43456604.256225556	1.9887051694965125e-12
47802264.68184815 	1.485236360778617e-12
52582491.15003301 	1.1676334715439573e-12
57840740.26503636 	8.666775042152921e-13
63624814.29154004 	6.852116853226294e-13
69987295.72069411 	5.108362622490884e-13
76986025.29276358 	4.018885566189278e-13
84684627.82204    	3.009881756806785e-13
93153090.60424407 	2.355800139870964e-13