GCR Energy Spectrum (2013.70262555 1)
Energy (MeV)      	Differential Intensity (m⁻² s⁻¹ sr⁻¹ MeV⁻¹)
3.0000000000000004	0.01817920152821409
3.3000000000000007	0.01995850624543929
3.6300000000000012	0.02190995234364079
3.993000000000002 	0.024049776811911186
4.392300000000002 	0.026395661208920587
4.831530000000003 	0.028966841800461877
5.314683000000005 	0.03178422404579126
5.846151300000006 	0.0348705005875378
6.430766430000007 	0.0382502715786256
7.073843073000009 	0.04195016578576649
7.781227380300009 	0.04599896042963992
8.55935011833001  	0.05042769714218122
9.41528513016301  	0.055269790724997166
10.35681364317931 	0.060561126561671945
11.392495007497239	0.06634014155092803
12.531744508246963	0.07264788226635316
13.784918959071657	0.07952803269012698
15.163410854978821	0.08702690229147976
16.679751940476702	0.09519336340552666
18.34772713452437 	0.10407872479782718
20.182499847976807	0.11373652596324556
22.200749832774484	0.1242222341018041
24.42082481605193 	0.13559282284928661
26.86290729765712 	0.14790620874415872
29.54919802742283 	0.16124848150340138
32.50411783016511 	0.1757330244469929
35.75452961318162 	0.19136269261440467
39.32998257449977 	0.2081964233907909
43.26298083194975 	0.22628936135778327
47.58927891514472 	0.24569097210609228
52.348206806659185	0.2664427900106125
57.583027487325104	0.2885757601304673
63.34133023605761 	0.31210713678518187
69.67546325966336 	0.33703690625851007
76.64300958562968 	0.3633437091242663
84.30731054419265 	0.3909802495278892
92.7380415986119  	0.41986819502198075
102.01184575847309	0.4498925917780496
112.21303033432038	0.48089584652907275
123.43433336775242	0.5126713584907163
135.77776670452764	0.5449569213913729
149.35554337498039	0.577428056684269
164.2910977124784 	0.609691482411861
180.72020748372623	0.643453546328321
198.79222823209884	0.6767525976867526
218.67145105530872	0.7088576156655882
240.53859616083955	0.7391470541170536
264.5924557769235 	0.7669187388985618
291.05170135461583	0.7913900849309546
320.1568714900774 	0.8117003740192301
352.1725586390851 	0.8304159847692472
387.38981450299354	0.8469202535377426
426.12879595329287	0.8576885151550924
468.7416755486221 	0.8617662624489894
515.6158431034843 	0.8581691596704069
567.1774274138327 	0.8522189321747365
623.8951701552159 	0.8430291566087993
686.2846871707374 	0.8252191802115935
754.9131558878111 	0.7979715858991084
830.4044714765921 	0.7704382433186256
913.4449186242512 	0.7397455403832796
1004.7894104866762	0.6998117412026047
1105.2683515353438	0.6553266275958055
1215.795186688878 	0.6156159930327164
1337.3747053577656	0.5677203867668642
1471.1121758935421	0.5174299145738628
1618.2233934828962	0.47394087548505764
1780.0457328311857	0.42385751002466143
1958.050306114304 	0.37851290254342757
2153.855336725734 	0.3363310493267807
2369.2408703983074	0.2897781173513027
2606.164957438138 	0.2560255932063339
2866.7814531819513	0.21889659148449928
3153.459598500146 	0.187593813803977
3468.8055583501637	0.1595996524451681
3815.686114185183 	0.13291427600586314
4197.254725603705 	0.11265460209247025
4616.9801981640785	0.09158930728266058
5078.67821798049  	0.07743091026023678
5586.546039778545 	0.06245438039241272
6145.200643756403 	0.05216433331790364
6759.720708132049 	0.04206083465456294
7435.69277894526  	0.0346759303884093
8179.262056839792 	0.027986486307022596
8997.18826252378  	0.02288234212911167
9896.907088776165 	0.0184995589722307
10886.59779765379 	0.015057473550825987
11975.25757741918 	0.012192392028236304
13172.783335161108	0.009897833411526828
14490.06166867723 	0.00801003224111573
15939.067835544965	0.0064584020617654446
17532.974619099474	0.005158047865881893
19286.27208100944 	0.004100349660948653
21214.8992891104  	0.0032192668602242847
23336.389218021457	0.0025276163546864043
25670.028139823626	0.0019624523765893903
28237.03095380601 	0.0015316808829923944
31060.734049186634	0.0011790354253431523
34166.80745410533 	0.0009182714331995312
37583.48819951589 	0.0007018447719931822
41341.83701946751 	0.0005468873759482512
45476.020721414294	0.0004153359514057847
50023.62279355577 	0.0003243666026550916
55025.98507291139 	0.00024483452143187243
60528.583580202576	0.00019187125130136164
66581.44193822288 	0.0001439266925352224
73239.58613204522 	0.00011328064982877702
80563.54474524982 	0.00008442319617905317
88619.89921977487 	0.00006678085688825138
97481.88914175243 	0.000049711650251293754
107230.07805592776	0.00003931675363826911
117953.08586152064	0.000029368278976322584
129748.3944476728 	0.000023119335727337776
142723.23389244018	0.00001733482041707111
156995.55728168433	0.00001358004531468649
172695.1130098529 	0.000010224081897288537
189964.62431083835	0.000007968686962088547
208961.08674192237	0.000006025802196120362
229857.19541611476	0.000004671455641850734
252842.91495772646	0.000003549083599551831
278127.2064534993 	0.0000027359933975283747
305939.9270988495 	0.000002089035118377013
336533.91980873473	0.0000016009798884364834
370187.3117896085 	0.0000012289070505979025
407206.0429685697 	9.360026210018048e-7
447926.647265427  	7.225272649335364e-7
492719.31199197005	5.467585110257167e-7
541991.2431911675 	4.2458565820652637e-7
596190.3675102848 	3.191198739206681e-7
655809.4042613137 	2.4938130312659303e-7
721390.3446874457 	1.860946094811411e-7
793529.3791561909 	1.4639830093270386e-7
872882.3170718106 	1.0867631083863282e-7
960170.5487789925 	8.58962276726258e-8
1056187.6036568927	6.404102221619305e-8
1161806.3640225828	5.037007556381377e-8
1277987.0004248421	3.7724913241671686e-8
1405785.7004673274	2.9520282554235557e-8
1546364.2705140612	2.221428485288844e-8
1701000.6975654687	1.729041554326392e-8
1871100.767322017 	1.3075896427384472e-8
2058210.8440542205	1.0120918648803655e-8
2264031.9284596443	7.693820596009775e-9
2490435.121305611 	5.920448845667114e-9
2739478.633436174 	4.5252456153570205e-9
3013426.496779794 	3.460980614636779e-9
3314769.146457776 	2.6605307865991322e-9
3646246.0611035563	2.021820606610967e-9
4010870.6672139154	1.5635832605130674e-9
4411957.7339353105	1.1802737688199497e-9
4853153.507328846 	9.185445301829545e-10
5338468.858061734 	6.884792795406007e-10
5872315.743867912 	5.393662231302068e-10
6459547.318254708 	4.012740535310165e-10
7105502.050080185 	3.16561599165556e-10
7816052.255088209 	2.354531928645069e-10
8597657.480597038 	1.8569753723099405e-10
9457423.228656748 	1.387385328913009e-10
10403165.551522432	1.0887104000775797e-10
11443482.106674684	8.172059715604145e-11
12587830.317342162	6.379194753162502e-11
13846613.34907639 	4.811764429729568e-11
15231274.683984041	3.7355713085845025e-11
16754402.152382458	2.832125447510007e-11
18429842.367620718	2.1861356174518708e-11
20272826.604382806	1.6663026227678522e-11
22300109.264821105	1.2785399732948223e-11
24530120.191303235	9.799910807627529e-12
26983132.21043358 	7.472313986189763e-12
29681445.43147696 	5.76123093432449e-12
32649589.974624686	4.364105677878361e-12
35914548.97208718 	3.3856174207189675e-12
39506003.86929593 	2.5469652541040147e-12
43456604.256225556	1.988737258909314e-12
47802264.68184815 	1.4852623826207968e-12
52582491.15003301 	1.1676492686041456e-12
57840740.26503636 	8.666869981666786e-13
63624814.29154004 	6.852194615238707e-13
69987295.72069411 	5.108409397735052e-13
76986025.29276358 	4.0189238410487543e-13
84684627.82204    	3.00990480005165e-13
93153090.60424407 	2.355818976819814e-13