GCR Energy Spectrum (2012.73212658 1)
Energy (MeV)      	Differential Intensity (m⁻² s⁻¹ sr⁻¹ MeV⁻¹)
3.0000000000000004	0.01784187231089166
3.3000000000000007	0.019588117287815544
3.6300000000000012	0.02150330673445228
3.993000000000002 	0.023603377423110534
4.392300000000002 	0.025905684358520312
4.831530000000003 	0.02842910899576035
5.314683000000005 	0.031194171753120236
5.846151300000006 	0.03422314799528709
6.430766430000007 	0.03754018634758208
7.073843073000009 	0.04117142781613511
7.781227380300009 	0.045145123719089505
8.55935011833001  	0.04949174986570242
9.41528513016301  	0.05424411373734673
10.35681364317931 	0.059437450609022224
11.392495007497239	0.06510950358259561
12.531744508246963	0.07130058136292208
13.784918959071657	0.07805358627383693
15.163410854978821	0.08541400346144436
16.679751940476702	0.09342984044714872
18.34772713452437 	0.10215150415544867
20.182499847976807	0.11163160023989219
22.200749832774484	0.12192463696132973
24.42082481605193 	0.13309859503294108
26.86290729765712 	0.14526362100545082
29.54919802742283 	0.15843343980915792
32.50411783016511 	0.17266926663311483
35.75452961318162 	0.18803140211221922
39.32998257449977 	0.2045779827201752
43.26298083194975 	0.2223634491820112
47.58927891514472 	0.24143669393289946
52.348206806659185	0.2618388475823891
57.583027487325104	0.2836006646597072
63.34133023605761 	0.30673947111214056
69.67546325966336 	0.33125564067248037
76.64300958562968 	0.3571285749268197
84.30731054419265 	0.3843121733507279
92.7380415986119  	0.4127297953694847
102.01184575847309	0.442268737179124
112.21303033432038	0.4727742720061223
123.43433336775242	0.504043333766657
135.77776670452764	0.535817960383024
149.35554337498039	0.5677786534545198
164.2910977124784 	0.6000485113723291
180.72020748372623	0.6335310127704458
198.79222823209884	0.6663782838430926
218.67145105530872	0.6980548070484841
240.53859616083955	0.7279464668672846
264.5924557769235 	0.755358842332252
291.05170135461583	0.7795172559264023
320.1568714900774 	0.7995688526304113
352.1725586390851 	0.8190758403844088
387.38981450299354	0.8354368005898316
426.12879595329287	0.846127517329657
468.7416755486221 	0.8501983772773531
515.6158431034843 	0.8466688721330012
567.1774274138327 	0.841940091214493
623.8951701552159 	0.83291564222365
686.2846871707374 	0.8153385281469074
754.9131558878111 	0.7883900124005077
830.4044714765921 	0.7622455466831093
913.4449186242512 	0.7318866355531634
1004.7894104866762	0.6923334822772953
1105.2683515353438	0.6491951143770762
1215.795186688878 	0.6098440591213424
1337.3747053577656	0.562333876721716
1471.1121758935421	0.5131936174916887
1618.2233934828962	0.47002863853454524
1780.0457328311857	0.42027831853432207
1958.050306114304 	0.3758074507285651
2153.855336725734 	0.33388048595403763
2369.2408703983074	0.28799321614960616
2606.164957438138 	0.2544238192118926
2866.7814531819513	0.2174739783758816
3153.459598500146 	0.18659098771019358
3468.8055583501637	0.15871659678156344
3815.686114185183 	0.13231018102477674
4197.254725603705 	0.11212675591197964
4616.9801981640785	0.09123712808821441
5078.67821798049  	0.07712529057262103
5586.546039778545 	0.062192208965289514
6145.200643756403 	0.05199174044211435
6759.720708132049 	0.041913645037068
7435.69277894526  	0.03458015209570009
8179.262056839792 	0.027905211829203642
8997.18826252378  	0.022829729572195943
9896.907088776165 	0.018455101705260213
10886.59779765379 	0.015028677222797568
11975.25757741918 	0.012168148174476015
13172.783335161108	0.009882032924547875
14490.06166867723 	0.007996776654412504
15939.067835544965	0.006449570464128197
17532.974619099474	0.0051506794932359165
19286.27208100944 	0.0040955199963739275
21214.8992891104  	0.0032152603488743168
23336.389218021457	0.002525087238966134
25670.028139823626	0.00196036310665192
28237.03095380601 	0.0015303869912832052
31060.734049186634	0.0011779701758044734
34166.80745410533 	0.0009176189379363238
37583.48819951589 	0.0007013090970179557
41341.83701946751 	0.00054656118048162
45476.020721414294	0.00041506880914579533
50023.62279355577 	0.00032420437073598204
55025.98507291139 	0.00024470194670849524
60528.583580202576	0.00019179081279482868
66581.44193822288 	0.00014386108836584327
73239.58613204522 	0.0001132408430906341
80563.54474524982 	0.00008439079005463472
88619.89921977487 	0.00006676118302425059
97481.88914175243 	0.000049699826008673617
107230.07805592776	0.00003930703901964139
117953.08586152064	0.000029362437308555624
129748.3944476728 	0.00002311454309040402
142723.23389244018	0.000017331936585922045
156995.55728168433	0.000013577682558816044
172695.1130098529 	0.000010222659093184174
189964.62431083835	0.00000796752276996932
208961.08674192237	0.000006025100596022889
229857.19541611476	0.0000046708822982587995
252842.91495772646	0.0000035487377841556676
278127.2064534993 	0.000002735711152476044
305939.9270988495 	0.0000020888647308640297
336533.91980873473	0.0000016008409942784206
370187.3117896085 	0.0000012288231261010921
407206.0429685697 	9.359342920942446e-7
447926.647265427  	7.224859382169286e-7
492719.31199197005	5.467249048984619e-7
541991.2431911675 	4.245653124066661e-7
596190.3675102848 	3.1910334914432485e-7
655809.4042613137 	2.4937128756600666e-7
721390.3446874457 	1.8608648480921592e-7
793529.3791561909 	1.463933712346485e-7
872882.3170718106 	1.0867334964835927e-7
960170.5487789925 	8.589380157053175e-8
1056187.6036568927	6.403956358967435e-8
1161806.3640225828	5.036888173132722e-8
1277987.0004248421	3.772419480813704e-8
1405785.7004673274	2.951969514923398e-8
1546364.2705140612	2.221393103835258e-8
1701000.6975654687	1.7290126559128892e-8
1871100.767322017 	1.3075722197631954e-8
2058210.8440542205	1.0120776493744635e-8
2264031.9284596443	7.693734807920131e-9
2490435.121305611 	5.920378925477883e-9
2739478.633436174 	4.525203378100289e-9
3013426.496779794 	3.4609462271781987e-9
3314769.146457776 	2.6605099929870022e-9
3646246.0611035563	2.0218036961326843e-9
4010870.6672139154	1.5635730246097117e-9
4411957.7339353105	1.1802654537284795e-9
4853153.507328846 	9.185394914231111e-10
5338468.858061734 	6.884751909908957e-10
5872315.743867912 	5.393637428863605e-10
6459547.318254708 	4.0127204334843735e-10
7105502.050080185 	3.165603783790858e-10
7816052.255088209 	2.354524589814465e-10
8597657.480597038 	1.8569693640236077e-10
9457423.228656748 	1.387381713797944e-10
10403165.551522432	1.0887074433107415e-10
11443482.106674684	8.172041909202156e-11
12587830.317342162	6.379180204103196e-11
13846613.34907639 	4.811755659916116e-11
15231274.683984041	3.735564150361551e-11
16754402.152382458	2.83212112869056e-11
18429842.367620718	2.1861320959470246e-11
20272826.604382806	1.6663004960578265e-11
22300109.264821105	1.2785382410412902e-11
24530120.191303235	9.799900335910213e-12
26983132.21043358 	7.472305465936939e-12
29681445.43147696 	5.761225778632797e-12
32649589.974624686	4.364101487577666e-12
35914548.97208718 	3.3856148824449908e-12
39506003.86929593 	2.546963193420534e-12
43456604.256225556	1.988736009261953e-12
47802264.68184815 	1.485261369261229e-12
52582491.15003301 	1.1676486534251926e-12
57840740.26503636 	8.666866284475483e-13
63624814.29154004 	6.852191586984925e-13
69987295.72069411 	5.108407576187136e-13
76986025.29276358 	4.0189223505280004e-13
84684627.82204    	3.009903902689251e-13
93153090.60424407 	2.3558182432614137e-13