GCR Energy Spectrum (2011.98626954 1)
Energy (MeV)      	Differential Intensity (m⁻² s⁻¹ sr⁻¹ MeV⁻¹)
3.0000000000000004	0.013437864434593171
3.3000000000000007	0.014754234509550107
3.6300000000000012	0.016198232908676034
3.993000000000002 	0.017781959179259964
4.392300000000002 	0.019518602682713354
4.831530000000003 	0.021422528667843835
5.314683000000005 	0.023509368497796317
5.846151300000006 	0.02579611358486492
6.430766430000007 	0.02830121238117623
7.073843073000009 	0.031044669518015395
7.781227380300009 	0.03404814587308051
8.55935011833001  	0.03733505796262926
9.41528513016301  	0.04093067459230672
10.35681364317931 	0.04486220814290468
11.392495007497239	0.04915889720039969
12.531744508246963	0.05385207644695952
13.784918959071657	0.05897522879360983
15.163410854978821	0.06456401363754007
16.679751940476702	0.07065626384901429
18.34772713452437 	0.07729194261669037
20.182499847976807	0.08451304958998412
22.200749832774484	0.09236346384089351
24.42082481605193 	0.10088870901954945
26.86290729765712 	0.1101356237010755
29.54919802742283 	0.12015191733274909
32.50411783016511 	0.13098558942466118
35.75452961318162 	0.14268418674279268
39.32998257449977 	0.15529387035023423
43.26298083194975 	0.1688582615284679
47.58927891514472 	0.18341703307158444
52.348206806659185	0.1990042104130539
57.583027487325104	0.2156461458117338
63.34133023605761 	0.23335912875512027
69.67546325966336 	0.2521465972691508
76.64300958562968 	0.27199591845930304
84.30731054419265 	0.2933134754389878
92.7380415986119  	0.31581371108748824
102.01184575847309	0.3393704585081604
112.21303033432038	0.36389792830561984
123.43433336775242	0.3892763394674659
135.77776670452764	0.41534662636566705
149.35554337498039	0.4419048936105443
164.2910977124784 	0.46869673653254723
180.72020748372623	0.4954115805479816
198.79222823209884	0.5216772292506863
218.67145105530872	0.5470548464718338
240.53859616083955	0.5710346288558665
264.5924557769235 	0.5958662770335628
291.05170135461583	0.6193563735154459
320.1568714900774 	0.6403557603295938
352.1725586390851 	0.6581721606893122
387.38981450299354	0.6720488405765573
426.12879595329287	0.6811691999186672
468.7416755486221 	0.6883702160923135
515.6158431034843 	0.6939229803012785
567.1774274138327 	0.6935661857161014
623.8951701552159 	0.6864796669378307
686.2846871707374 	0.6718341012589015
754.9131558878111 	0.660166357814901
830.4044714765921 	0.6421953067815376
913.4449186242512 	0.6163717497188476
1004.7894104866762	0.5852016692945109
1105.2683515353438	0.5582847858747939
1215.795186688878 	0.5240099266051552
1337.3747053577656	0.48200102467836026
1471.1121758935421	0.4496740591368116
1618.2233934828962	0.4112056442157369
1780.0457328311857	0.3681435550703996
1958.050306114304 	0.33481745394881024
2153.855336725734 	0.296660293282238
2369.2408703983074	0.2607583858027585
2606.164957438138 	0.22992680751433225
2866.7814531819513	0.19567050931660687
3153.459598500146 	0.171157153595394
3468.8055583501637	0.14509944701159377
3815.686114185183 	0.12295988946713647
4197.254725603705 	0.10394212643964085
4616.9801981640785	0.08575820302791351
5078.67821798049  	0.07236309333573214
5586.546039778545 	0.05846184506090839
6145.200643756403 	0.04929067453355246
6759.720708132049 	0.039607189059683814
7435.69277894526  	0.03307551495172884
8179.262056839792 	0.026626979388514143
8997.18826252378  	0.022000472698754818
9896.907088776165 	0.017753689955924315
10886.59779765379 	0.014573508858918418
11975.25757741918 	0.01178460749308282
13172.783335161108	0.009631677234108139
14490.06166867723 	0.00778658795329496
15939.067835544965	0.006309355441634942
17532.974619099474	0.005033621550837692
19286.27208100944 	0.004018711434979196
21214.8992891104  	0.003151509018447884
23336.389218021457	0.002484806193866843
25670.028139823626	0.0019270726118254772
28237.03095380601 	0.0015097533690790073
31060.734049186634	0.0011609763334374983
34166.80745410533 	0.0009072025525664054
37583.48819951589 	0.0006927549360184413
41341.83701946751 	0.0005413491474857625
45476.020721414294	0.0004107992217126974
50023.62279355577 	0.0003216102346446833
55025.98507291139 	0.00024258157312683027
60528.583580202576	0.00019050376528416846
66581.44193822288 	0.00014281120441038184
73239.58613204522 	0.00011260358347718075
80563.54474524982 	0.00008387192696260749
88619.89921977487 	0.00006644608849226756
97481.88914175243 	0.00004951040364004048
107230.07805592776	0.00003915139351370732
117953.08586152064	0.00002926882415939343
129748.3944476728 	0.000023037732978502702
142723.23389244018	0.000017285710389534373
156995.55728168433	0.000013539805738311533
172695.1130098529 	0.0000101998471684871
189964.62431083835	0.000007948855898434977
208961.08674192237	0.000006013849666801755
229857.19541611476	0.000004661687576988678
252842.91495772646	0.0000035431913839338365
278127.2064534993 	0.000002731184118560889
305939.9270988495 	0.000002086131594672112
336533.91980873473	0.0000015986129468241207
370187.3117896085 	0.000001227476771949707
407206.0429685697 	9.348380940407581e-7
447926.647265427  	7.218228969407651e-7
492719.31199197005	5.461857175931433e-7
541991.2431911675 	4.2423886223169077e-7
596190.3675102848 	3.1883820183277384e-7
655809.4042613137 	2.4921057702289945e-7
721390.3446874457 	1.8595611327859132e-7
793529.3791561909 	1.4631426479841627e-7
872882.3170718106 	1.0862583032997725e-7
960170.5487789925 	8.585486845421926e-8
1056187.6036568927	6.401615557835893e-8
1161806.3640225828	5.03497229039126e-8
1277987.0004248421	3.7712665036001134e-8
1405785.7004673274	2.9510268095354973e-8
1546364.2705140612	2.2208252701116024e-8
1701000.6975654687	1.72854886419311e-8
1871100.767322017 	1.3072925939399071e-8
2058210.8440542205	1.0118494995477136e-8
2264031.9284596443	7.692357947894185e-9
2490435.121305611 	5.9192567319699e-9
2739478.633436174 	4.524525479085605e-9
3013426.496779794 	3.4603943132865133e-9
3314769.146457776 	2.660176255773379e-9
3646246.0611035563	2.0215322821671528e-9
4010870.6672139154	1.5634087367946378e-9
4411957.7339353105	1.1801319948328845e-9
4853153.507328846 	9.184586178644572e-10
5338468.858061734 	6.884095684167909e-10
5872315.743867912 	5.393239339696873e-10
6459547.318254708 	4.012397790388624e-10
7105502.050080185 	3.1654078414704884e-10
7816052.255088209 	2.354406797536814e-10
8597657.480597038 	1.856872927558165e-10
9457423.228656748 	1.3873236889557653e-10
10403165.551522432	1.0886599853027991e-10
11443482.106674684	8.17175610436032e-11
12587830.317342162	6.378946681564442e-11
13846613.34907639 	4.811614898034702e-11
15231274.683984041	3.735449255574472e-11
16754402.152382458	2.8320518083265174e-11
18429842.367620718	2.186075573051292e-11
20272826.604382806	1.6662663606607874e-11
22300109.264821105	1.2785104369693047e-11
24530120.191303235	9.799732256184064e-12
26983132.21043358 	7.472168708759464e-12
29681445.43147696 	5.7611430253980665e-12
32649589.974624686	4.364034229661213e-12
35914548.97208718 	3.3855741409421805e-12
39506003.86929593 	2.5469301176485575e-12
43456604.256225556	1.9887159513163163e-12
47802264.68184815 	1.4852451039393117e-12
52582491.15003301 	1.1676387792507484e-12
57840740.26503636 	8.666806941210256e-13
63624814.29154004 	6.852142980761081e-13
69987295.72069411 	5.108378338677185e-13
76986025.29276358 	4.0188984263024274e-13
84684627.82204    	3.009889499195188e-13
93153090.60424407 	2.3558064689707565e-13