GCR Energy Spectrum (2010.11917807 1)
Energy (MeV)      	Differential Intensity (m⁻² s⁻¹ sr⁻¹ MeV⁻¹)
3.0000000000000004	0.04226679129681901
3.3000000000000007	0.04639722254240529
3.6300000000000012	0.05092524357904871
3.993000000000002 	0.05588787318503906
4.392300000000002 	0.06132531632531312
4.831530000000003 	0.06728118330826213
5.314683000000005 	0.07380271173415642
5.846151300000006 	0.08094098794441733
6.430766430000007 	0.08875116372874832
7.073843073000009 	0.09729266290585477
7.781227380300009 	0.10662937103517336
8.55935011833001  	0.11682979991199889
9.41528513016301  	0.12796721661593843
10.35681364317931 	0.14011972469224582
11.392495007497239	0.1533702825187903
12.531744508246963	0.16780664102408158
13.784918959071657	0.18352117965764086
15.163410854978821	0.20061061586897766
16.679751940476702	0.21917555933940927
18.34772713452437 	0.23931987787098402
20.182499847976807	0.2611498372418805
22.200749832774484	0.28477297260549084
24.42082481605193 	0.31029664431528736
26.86290729765712 	0.3378693403489841
29.54919802742283 	0.367616095293928
32.50411783016511 	0.39959433635629676
35.75452961318162 	0.43389444507221075
39.32998257449977 	0.4705939151814792
43.26298083194975 	0.5097530247956554
47.58927891514472 	0.5514098290642925
52.348206806659185	0.5955744396775645
57.583027487325104	0.6422225753880124
63.34133023605761 	0.6912883921450387
69.67546325966336 	0.742656633181983
76.64300958562968 	0.796154178957394
84.30731054419265 	0.8515411242504761
92.7380415986119  	0.9085015643129736
102.01184575847309	0.966634332296372
112.21303033432038	1.0254439936720485
123.43433336775242	1.0846595867147601
135.77776670452764	1.144948065542609
149.35554337498039	1.204254694012534
164.2910977124784 	1.2617064851963666
180.72020748372623	1.3163155221630545
198.79222823209884	1.3669803453297273
218.67145105530872	1.4124905509926247
240.53859616083955	1.452117821322838
264.5924557769235 	1.4903952560012466
291.05170135461583	1.5207015024631358
320.1568714900774 	1.5416458741865573
352.1725586390851 	1.5518045563515972
387.38981450299354	1.552346212366541
426.12879595329287	1.5504145287282478
468.7416755486221 	1.5356363760313314
515.6158431034843 	1.5068233192236582
567.1774274138327 	1.4688298995973716
623.8951701552159 	1.428634696699113
686.2846871707374 	1.373956442663806
754.9131558878111 	1.3043615110986726
830.4044714765921 	1.2430478666011593
913.4449186242512 	1.168227339142907
1004.7894104866762	1.0810971560974223
1105.2683515353438	1.006630698412739
1215.795186688878 	0.920708429846007
1337.3747053577656	0.8332900998525196
1471.1121758935421	0.7549475709109944
1618.2233934828962	0.6677033455377185
1780.0457328311857	0.5950208189991065
1958.050306114304 	0.5210337806178311
2153.855336725734 	0.4511418705685354
2369.2408703983074	0.39154719264146787
2606.164957438138 	0.3296837958986597
2866.7814531819513	0.28393075866696876
3153.459598500146 	0.23525650408688487
3468.8055583501637	0.19931957080180382
3815.686114185183 	0.16384996275962216
4197.254725603705 	0.1360573236764795
4616.9801981640785	0.11116614488631006
5078.67821798049  	0.09080953080147937
5586.546039778545 	0.07388767207116083
6145.200643756403 	0.05963584469617862
6759.720708132049 	0.04841146348527395
7435.69277894526  	0.03878213410924892
8179.262056839792 	0.031460751786046216
8997.18826252378  	0.025119147614493725
9896.907088776165 	0.020384865949605143
10886.59779765379 	0.016272999753449525
11975.25757741918 	0.013213516783862893
13172.783335161108	0.010560751670270367
14490.06166867723 	0.00856513537236481
15939.067835544965	0.006827090502526018
17532.974619099474	0.0054651654634170505
19286.27208100944 	0.004301120920343069
21214.8992891104  	0.003385598919431258
23336.389218021457	0.0026323694756392314
25670.028139823626	0.0020488915922092384
28237.03095380601 	0.0015851061101630067
31060.734049186634	0.001222979075357092
34166.80745410533 	0.0009451424963163739
37583.48819951589 	0.0007238878025515592
41341.83701946751 	0.0005602910973038966
45476.020721414294	0.0004263059948123384
50023.62279355577 	0.00033102053896374165
55025.98507291139 	0.0002502691315073902
60528.583580202576	0.00019516532021830542
66581.44193822288 	0.00014661206796781842
73239.58613204522 	0.0001149086804916182
80563.54474524982 	0.00008574805972922411
88619.89921977487 	0.00006758461659877509
97481.88914175243 	0.00005019442935333083
107230.07805592776	0.00003971327913139477
117953.08586152064	0.000029606600846966342
129748.3944476728 	0.00002331481199851963
142723.23389244018	0.000017452393287719816
156995.55728168433	0.000013676354373108385
172695.1130098529 	0.000010282056976628218
189964.62431083835	0.000008016116324752887
208961.08674192237	0.000006054377143106968
229857.19541611476	0.0000046948036550461715
252842.91495772646	0.0000035631626541882775
278127.2064534993 	0.0000027474830073445563
305939.9270988495 	0.0000020959698310348083
336533.91980873473	0.0000016066322929910356
370187.3117896085 	0.0000012323218438707475
407206.0429685697 	9.387826284736236e-7
447926.647265427  	7.242084325728683e-7
492719.31199197005	5.481255169827658e-7
541991.2431911675 	4.2541317254970677e-7
596190.3675102848 	3.197919417910791e-7
655809.4042613137 	2.4978859911298526e-7
721390.3446874457 	1.864249954381779e-7
793529.3791561909 	1.4659874835527695e-7
872882.3170718106 	1.0879670798966753e-7
960170.5487789925 	8.599486557004253e-8
1056187.6036568927	6.410032207134928e-8
1161806.3640225828	5.041860893014163e-8
1277987.0004248421	3.7754118605644565e-8
1405785.7004673274	2.9544160851656792e-8
1546364.2705140612	2.2228667005656628e-8
1701000.6975654687	1.730216218516953e-8
1871100.767322017 	1.3082978289651089e-8
2058210.8440542205	1.0126696687870786e-8
2264031.9284596443	7.697307443954765e-9
2490435.121305611 	5.923290706710557e-9
2739478.633436174 	4.526962281451258e-9
3013426.496779794 	3.4623782228866748e-9
3314769.146457776 	2.6613758842257084e-9
3646246.0611035563	2.022507879041343e-9
4010870.6672139154	1.5639992594118462e-9
4411957.7339353105	1.1806117012060662e-9
4853153.507328846 	9.187493069046791e-10
5338468.858061734 	6.886454384217501e-10
5872315.743867912 	5.394670192407171e-10
6459547.318254708 	4.013557461309209e-10
7105502.050080185 	3.1661121072178903e-10
7816052.255088209 	2.3548301690955543e-10
8597657.480597038 	1.8572195402143632e-10
9457423.228656748 	1.3875322408884342e-10
10403165.551522432	1.0888305575343979e-10
11443482.106674684	8.17278333037389e-11
12587830.317342162	6.37978599477127e-11
13846613.34907639 	4.8121208139216943e-11
15231274.683984041	3.7358622009552166e-11
16754402.152382458	2.832300952914257e-11
18429842.367620718	2.1862787218362834e-11
20272826.604382806	1.6663890462060493e-11
22300109.264821105	1.2786103670382617e-11
24530120.191303235	9.80033634661833e-12
26983132.21043358 	7.472660223125177e-12
29681445.43147696 	5.7614404453523355e-12
32649589.974624686	4.364275958289937e-12
35914548.97208718 	3.385720567859977e-12
39506003.86929593 	2.547048993461421e-12
43456604.256225556	1.9887880403644345e-12
47802264.68184815 	1.4853035621076379e-12
52582491.15003301 	1.1676742673531289e-12
57840740.26503636 	8.667020222592546e-13
63624814.29154004 	6.852317672815537e-13
69987295.72069411 	5.108483418965814e-13
76986025.29276358 	4.0189844104849587e-13
84684627.82204    	3.0099412656241753e-13
93153090.60424407 	2.3558487859773744e-13