# Data from SSDC cosmic rays database www.ssdc.asi.it 
# File generated today 20260804 
# Errors may contain statistic and systematic depending on the options set when drawing the graph 
# Fluxes are multiplied by a power of Energy (or Rigidity) if the option is set when drawing the graph 
# Horizontal errors usually are not uncertanties of the measurement but correspond to binning. See publication. 
#
# GraphTitle: p PAMELA ApJL (2018) 
# XLabel: kinetic energy (GeV) 
# YLabel: flux ((m^{2} s sr GeV)^{-1}) 
#
# Columns: X, XErrorLow, XErrorHigh, Y, YErrorLow, YErrorHigh 
8.850000e-02  0.000000e+00 0.000000e+00  4.722680e+02  6.701279e+01 6.701279e+01 
1.000000e-01  0.000000e+00 0.000000e+00  4.862110e+02  7.391757e+01 7.391757e+01 
1.075000e-01  0.000000e+00 0.000000e+00  5.735280e+02  1.033042e+02 1.033042e+02 
1.150000e-01  0.000000e+00 0.000000e+00  5.831970e+02  8.218556e+01 8.218556e+01 
1.250000e-01  0.000000e+00 0.000000e+00  6.462940e+02  8.334634e+01 8.334634e+01 
1.400000e-01  0.000000e+00 0.000000e+00  7.619010e+02  8.458393e+01 8.458393e+01 
1.550000e-01  0.000000e+00 0.000000e+00  7.914460e+02  1.010186e+02 1.010186e+02 
1.650000e-01  0.000000e+00 0.000000e+00  7.418340e+02  9.576304e+01 9.576304e+01 
1.800000e-01  0.000000e+00 0.000000e+00  8.068330e+02  8.676029e+01 8.676029e+01 
1.999500e-01  0.000000e+00 0.000000e+00  8.523590e+02  9.020963e+01 9.020963e+01 
2.150000e-01  0.000000e+00 0.000000e+00  8.640290e+02  9.324821e+01 9.324821e+01 
2.300000e-01  0.000000e+00 0.000000e+00  8.868850e+02  8.625839e+01 8.625839e+01 
2.500000e-01  0.000000e+00 0.000000e+00  9.817830e+02  9.413111e+01 9.413111e+01 
2.750000e-01  0.000000e+00 0.000000e+00  1.012690e+03  9.291753e+01 9.291753e+01 
3.000000e-01  0.000000e+00 0.000000e+00  1.013340e+03  9.630336e+01 9.630336e+01 
3.250000e-01  0.000000e+00 0.000000e+00  1.057080e+03  9.628005e+01 9.628005e+01 
3.500000e-01  0.000000e+00 0.000000e+00  1.026520e+03  9.730067e+01 9.730067e+01 
3.750000e-01  0.000000e+00 0.000000e+00  1.003450e+03  9.151952e+01 9.151952e+01 
4.100000e-01  0.000000e+00 0.000000e+00  1.001460e+03  8.946315e+01 8.946315e+01 
4.450000e-01  0.000000e+00 0.000000e+00  1.071360e+03  9.735240e+01 9.735240e+01 
4.800000e-01  0.000000e+00 0.000000e+00  1.059480e+03  9.429835e+01 9.429835e+01 
5.200000e-01  0.000000e+00 0.000000e+00  1.046070e+03  9.318316e+01 9.318316e+01 
5.600000e-01  0.000000e+00 0.000000e+00  1.037460e+03  9.230725e+01 9.230725e+01 
6.000000e-01  0.000000e+00 0.000000e+00  1.014270e+03  9.055370e+01 9.055370e+01 
6.450000e-01  0.000000e+00 0.000000e+00  9.692800e+02  8.559798e+01 8.559798e+01 
6.950000e-01  0.000000e+00 0.000000e+00  9.628280e+02  8.510021e+01 8.510021e+01 
7.450000e-01  0.000000e+00 0.000000e+00  9.267580e+02  8.213764e+01 8.213764e+01 
8.000000e-01  0.000000e+00 0.000000e+00  9.069840e+02  7.959974e+01 7.959974e+01 
8.600000e-01  0.000000e+00 0.000000e+00  8.647090e+02  7.612710e+01 7.612710e+01 
9.250000e-01  0.000000e+00 0.000000e+00  8.290700e+02  7.251595e+01 7.251595e+01 
9.900000e-01  0.000000e+00 0.000000e+00  8.016210e+02  6.988578e+01 6.988578e+01 
1.055000e+00  0.000000e+00 0.000000e+00  7.419120e+02  6.442025e+01 6.442025e+01 
1.130000e+00  0.000000e+00 0.000000e+00  7.172110e+02  6.201214e+01 6.201214e+01 
1.210000e+00  0.000000e+00 0.000000e+00  6.895990e+02  5.973729e+01 5.973729e+01 
1.295000e+00  0.000000e+00 0.000000e+00  6.279270e+02  5.433977e+01 5.433977e+01 
1.380000e+00  0.000000e+00 0.000000e+00  6.001550e+02  5.237191e+01 5.237191e+01 
1.470000e+00  0.000000e+00 0.000000e+00  5.677370e+02  4.912337e+01 4.912337e+01 
1.570000e+00  0.000000e+00 0.000000e+00  5.242050e+02  4.554407e+01 4.554407e+01 
1.670000e+00  0.000000e+00 0.000000e+00  4.988690e+02  4.343398e+01 4.343398e+01 
1.775000e+00  0.000000e+00 0.000000e+00  4.606710e+02  4.004886e+01 4.004886e+01 
1.890000e+00  0.000000e+00 0.000000e+00  4.352310e+02  3.781814e+01 3.781814e+01 
2.010000e+00  0.000000e+00 0.000000e+00  4.171760e+02  3.635631e+01 3.635631e+01 
2.135000e+00  0.000000e+00 0.000000e+00  3.757150e+02  3.260678e+01 3.260678e+01 
2.265000e+00  0.000000e+00 0.000000e+00  3.363910e+02  2.933130e+01 2.933130e+01 
2.405000e+00  0.000000e+00 0.000000e+00  3.230990e+02  2.804438e+01 2.804438e+01 
2.550000e+00  0.000000e+00 0.000000e+00  2.958380e+02  2.589667e+01 2.589667e+01 
2.700000e+00  0.000000e+00 0.000000e+00  2.705460e+02  2.360351e+01 2.360351e+01 
2.860000e+00  0.000000e+00 0.000000e+00  2.436130e+02  2.138887e+01 2.138887e+01 
3.030000e+00  0.000000e+00 0.000000e+00  2.341810e+02  2.046308e+01 2.046308e+01 
3.210000e+00  0.000000e+00 0.000000e+00  2.090270e+02  1.835192e+01 1.835192e+01 
3.395000e+00  0.000000e+00 0.000000e+00  1.855940e+02  1.632398e+01 1.632398e+01 
3.590000e+00  0.000000e+00 0.000000e+00  1.763660e+02  1.554657e+01 1.554657e+01 
3.905000e+00  0.000000e+00 0.000000e+00  1.461930e+02  1.254042e+01 1.254042e+01 
4.355000e+00  0.000000e+00 0.000000e+00  1.200950e+02  1.033605e+01 1.033605e+01 
4.850000e+00  0.000000e+00 0.000000e+00  1.015010e+02  8.753870e+00 8.753870e+00 
5.395000e+00  0.000000e+00 0.000000e+00  8.314000e+01  7.207962e+00 7.207962e+00 
5.990000e+00  0.000000e+00 0.000000e+00  6.686100e+01  5.831615e+00 5.831615e+00 
6.645000e+00  0.000000e+00 0.000000e+00  5.188900e+01  4.549151e+00 4.549151e+00 
7.365000e+00  0.000000e+00 0.000000e+00  4.150100e+01  3.660739e+00 3.660739e+00 
8.155000e+00  0.000000e+00 0.000000e+00  3.414500e+01  3.028110e+00 3.028110e+00 
9.025000e+00  0.000000e+00 0.000000e+00  2.597800e+01  2.307530e+00 2.307530e+00 
9.980000e+00  0.000000e+00 0.000000e+00  2.158600e+01  1.925127e+00 1.925127e+00 
1.102500e+01  0.000000e+00 0.000000e+00  1.696500e+01  1.526434e+00 1.526434e+00 
1.217000e+01  0.000000e+00 0.000000e+00  1.326700e+01  1.205645e+00 1.205645e+00 
1.343000e+01  0.000000e+00 0.000000e+00  1.057200e+01  9.669436e-01 9.669436e-01 
1.481500e+01  0.000000e+00 0.000000e+00  8.124000e+00  7.538234e-01 7.538234e-01 
1.633000e+01  0.000000e+00 0.000000e+00  6.170000e+00  5.800041e-01 5.800041e-01 
1.799000e+01  0.000000e+00 0.000000e+00  4.971000e+00  4.728871e-01 4.728871e-01 
1.981000e+01  0.000000e+00 0.000000e+00  3.804000e+00  3.687338e-01 3.687338e-01 
2.180500e+01  0.000000e+00 0.000000e+00  3.048000e+00  2.948919e-01 2.948919e-01 
2.400000e+01  0.000000e+00 0.000000e+00  2.364000e+00  2.329828e-01 2.329828e-01 
2.640500e+01  0.000000e+00 0.000000e+00  1.785000e+00  1.809808e-01 1.809808e-01 
2.904000e+01  0.000000e+00 0.000000e+00  1.468000e+00  1.518495e-01 1.518495e-01 
3.193000e+01  0.000000e+00 0.000000e+00  1.097000e+00  1.155365e-01 1.155365e-01 
3.509500e+01  0.000000e+00 0.000000e+00  8.340000e-01  9.134293e-02 9.134293e-02 
3.857000e+01  0.000000e+00 0.000000e+00  6.880000e-01  7.599961e-02 7.599961e-02 
4.238000e+01  0.000000e+00 0.000000e+00  4.850000e-01  5.587101e-02 5.587101e-02 
4.655500e+01  0.000000e+00 0.000000e+00  3.590000e-01  4.282955e-02 4.282955e-02 
