# Data from SSDC cosmic rays database www.ssdc.asi.it 
# File generated today 20260804 
# Errors may contain statistic and systematic depending on the options set when drawing the graph 
# Fluxes are multiplied by a power of Energy (or Rigidity) if the option is set when drawing the graph 
# Horizontal errors usually are not uncertanties of the measurement but correspond to binning. See publication. 
#
# GraphTitle: p PAMELA ApJL (2018) 
# XLabel: kinetic energy (GeV) 
# YLabel: flux ((m^{2} s sr GeV)^{-1}) 
#
# Columns: X, XErrorLow, XErrorHigh, Y, YErrorLow, YErrorHigh 
8.850000e-02  0.000000e+00 0.000000e+00  1.426660e+03  1.488205e+02 1.488205e+02 
1.000000e-01  0.000000e+00 0.000000e+00  1.602500e+03  1.711375e+02 1.711375e+02 
1.075000e-01  0.000000e+00 0.000000e+00  1.724020e+03  2.058455e+02 2.058455e+02 
1.150000e-01  0.000000e+00 0.000000e+00  1.665720e+03  1.745274e+02 1.745274e+02 
1.250000e-01  0.000000e+00 0.000000e+00  1.819360e+03  1.722797e+02 1.722797e+02 
1.400000e-01  0.000000e+00 0.000000e+00  1.896090e+03  1.772119e+02 1.772119e+02 
1.550000e-01  0.000000e+00 0.000000e+00  2.026350e+03  2.034314e+02 2.034314e+02 
1.650000e-01  0.000000e+00 0.000000e+00  2.094460e+03  2.085681e+02 2.085681e+02 
1.800000e-01  0.000000e+00 0.000000e+00  2.135400e+03  1.957346e+02 1.957346e+02 
1.999500e-01  0.000000e+00 0.000000e+00  2.264710e+03  2.060508e+02 2.060508e+02 
2.150000e-01  0.000000e+00 0.000000e+00  2.147410e+03  2.006931e+02 2.006931e+02 
2.300000e-01  0.000000e+00 0.000000e+00  2.304690e+03  2.030961e+02 2.030961e+02 
2.500000e-01  0.000000e+00 0.000000e+00  2.309970e+03  2.033250e+02 2.033250e+02 
2.750000e-01  0.000000e+00 0.000000e+00  2.383340e+03  2.052428e+02 2.052428e+02 
3.000000e-01  0.000000e+00 0.000000e+00  2.374520e+03  2.083360e+02 2.083360e+02 
3.250000e-01  0.000000e+00 0.000000e+00  2.291780e+03  1.972754e+02 1.972754e+02 
3.500000e-01  0.000000e+00 0.000000e+00  2.328560e+03  2.039993e+02 2.039993e+02 
3.750000e-01  0.000000e+00 0.000000e+00  2.315930e+03  1.990516e+02 1.990516e+02 
4.100000e-01  0.000000e+00 0.000000e+00  2.206740e+03  1.876349e+02 1.876349e+02 
4.450000e-01  0.000000e+00 0.000000e+00  2.163890e+03  1.860905e+02 1.860905e+02 
4.800000e-01  0.000000e+00 0.000000e+00  2.103580e+03  1.790303e+02 1.790303e+02 
5.200000e-01  0.000000e+00 0.000000e+00  2.008170e+03  1.710155e+02 1.710155e+02 
5.600000e-01  0.000000e+00 0.000000e+00  1.904710e+03  1.624968e+02 1.624968e+02 
6.000000e-01  0.000000e+00 0.000000e+00  1.864140e+03  1.590618e+02 1.590618e+02 
6.450000e-01  0.000000e+00 0.000000e+00  1.809500e+03  1.533819e+02 1.533819e+02 
6.950000e-01  0.000000e+00 0.000000e+00  1.709270e+03  1.451440e+02 1.451440e+02 
7.450000e-01  0.000000e+00 0.000000e+00  1.609330e+03  1.368919e+02 1.368919e+02 
8.000000e-01  0.000000e+00 0.000000e+00  1.515620e+03  1.283833e+02 1.283833e+02 
8.600000e-01  0.000000e+00 0.000000e+00  1.445900e+03  1.226647e+02 1.226647e+02 
9.250000e-01  0.000000e+00 0.000000e+00  1.356320e+03  1.146641e+02 1.146641e+02 
9.900000e-01  0.000000e+00 0.000000e+00  1.310250e+03  1.107890e+02 1.107890e+02 
1.055000e+00  0.000000e+00 0.000000e+00  1.197300e+03  1.010017e+02 1.010017e+02 
1.130000e+00  0.000000e+00 0.000000e+00  1.097450e+03  9.239516e+01 9.239516e+01 
1.210000e+00  0.000000e+00 0.000000e+00  1.001030e+03  8.450673e+01 8.450673e+01 
1.295000e+00  0.000000e+00 0.000000e+00  9.652240e+02  8.133839e+01 8.133839e+01 
1.380000e+00  0.000000e+00 0.000000e+00  8.819520e+02  7.475838e+01 7.475838e+01 
1.470000e+00  0.000000e+00 0.000000e+00  8.243460e+02  6.957073e+01 6.957073e+01 
1.570000e+00  0.000000e+00 0.000000e+00  7.613950e+02  6.439342e+01 6.439342e+01 
1.670000e+00  0.000000e+00 0.000000e+00  6.862640e+02  5.821049e+01 5.821049e+01 
1.775000e+00  0.000000e+00 0.000000e+00  6.477960e+02  5.494872e+01 5.494872e+01 
1.890000e+00  0.000000e+00 0.000000e+00  5.851160e+02  4.960529e+01 4.960529e+01 
2.010000e+00  0.000000e+00 0.000000e+00  5.361980e+02  4.561682e+01 4.561682e+01 
2.135000e+00  0.000000e+00 0.000000e+00  4.797320e+02  4.070979e+01 4.070979e+01 
2.265000e+00  0.000000e+00 0.000000e+00  4.420110e+02  3.762823e+01 3.762823e+01 
2.405000e+00  0.000000e+00 0.000000e+00  4.108390e+02  3.490571e+01 3.490571e+01 
2.550000e+00  0.000000e+00 0.000000e+00  3.659600e+02  3.128156e+01 3.128156e+01 
2.700000e+00  0.000000e+00 0.000000e+00  3.265200e+02  2.787971e+01 2.787971e+01 
2.860000e+00  0.000000e+00 0.000000e+00  3.063160e+02  2.623470e+01 2.623470e+01 
3.030000e+00  0.000000e+00 0.000000e+00  2.757260e+02  2.358463e+01 2.358463e+01 
3.210000e+00  0.000000e+00 0.000000e+00  2.490280e+02  2.137635e+01 2.137635e+01 
3.395000e+00  0.000000e+00 0.000000e+00  2.278000e+02  1.959688e+01 1.959688e+01 
3.590000e+00  0.000000e+00 0.000000e+00  2.045270e+02  1.762819e+01 1.762819e+01 
3.905000e+00  0.000000e+00 0.000000e+00  1.688180e+02  1.423604e+01 1.423604e+01 
4.355000e+00  0.000000e+00 0.000000e+00  1.377480e+02  1.165960e+01 1.165960e+01 
4.850000e+00  0.000000e+00 0.000000e+00  1.131920e+02  9.606314e+00 9.606314e+00 
5.395000e+00  0.000000e+00 0.000000e+00  9.017300e+01  7.687142e+00 7.687142e+00 
5.990000e+00  0.000000e+00 0.000000e+00  7.284000e+01  6.237317e+00 6.237317e+00 
6.645000e+00  0.000000e+00 0.000000e+00  5.610100e+01  4.831525e+00 4.831525e+00 
7.365000e+00  0.000000e+00 0.000000e+00  4.506100e+01  3.899711e+00 3.899711e+00 
8.155000e+00  0.000000e+00 0.000000e+00  3.424100e+01  2.986528e+00 2.986528e+00 
9.025000e+00  0.000000e+00 0.000000e+00  2.782700e+01  2.420368e+00 2.420368e+00 
9.980000e+00  0.000000e+00 0.000000e+00  2.267100e+01  1.980924e+00 1.980924e+00 
1.102500e+01  0.000000e+00 0.000000e+00  1.776000e+01  1.562046e+00 1.562046e+00 
1.217000e+01  0.000000e+00 0.000000e+00  1.379600e+01  1.224467e+00 1.224467e+00 
1.343000e+01  0.000000e+00 0.000000e+00  1.063900e+01  9.527976e-01 9.527976e-01 
1.481500e+01  0.000000e+00 0.000000e+00  8.379000e+00  7.554992e-01 7.554992e-01 
1.633000e+01  0.000000e+00 0.000000e+00  6.218000e+00  5.681677e-01 5.681677e-01 
1.799000e+01  0.000000e+00 0.000000e+00  5.113000e+00  4.708724e-01 4.708724e-01 
1.981000e+01  0.000000e+00 0.000000e+00  3.775000e+00  3.536439e-01 3.536439e-01 
2.180500e+01  0.000000e+00 0.000000e+00  2.869000e+00  2.690347e-01 2.690347e-01 
2.400000e+01  0.000000e+00 0.000000e+00  2.389000e+00  2.266924e-01 2.266924e-01 
2.640500e+01  0.000000e+00 0.000000e+00  1.755000e+00  1.703897e-01 1.703897e-01 
2.904000e+01  0.000000e+00 0.000000e+00  1.528000e+00  1.489122e-01 1.489122e-01 
3.193000e+01  0.000000e+00 0.000000e+00  1.134000e+00  1.133394e-01 1.133394e-01 
3.509500e+01  0.000000e+00 0.000000e+00  8.220000e-01  8.441712e-02 8.441712e-02 
3.857000e+01  0.000000e+00 0.000000e+00  6.400000e-01  6.697947e-02 6.697947e-02 
4.238000e+01  0.000000e+00 0.000000e+00  4.790000e-01  5.167688e-02 5.167688e-02 
4.655500e+01  0.000000e+00 0.000000e+00  3.500000e-01  3.931030e-02 3.931030e-02 
