# Data from SSDC cosmic rays database www.ssdc.asi.it 
# File generated today 20260804 
# Errors may contain statistic and systematic depending on the options set when drawing the graph 
# Fluxes are multiplied by a power of Energy (or Rigidity) if the option is set when drawing the graph 
# Horizontal errors usually are not uncertanties of the measurement but correspond to binning. See publication. 
#
# GraphTitle: p PAMELA ApJL (2018) 
# XLabel: kinetic energy (GeV) 
# YLabel: flux ((m^{2} s sr GeV)^{-1}) 
#
# Columns: X, XErrorLow, XErrorHigh, Y, YErrorLow, YErrorHigh 
8.850000e-02  0.000000e+00 0.000000e+00  1.135140e+03  1.271026e+02 1.271026e+02 
1.000000e-01  0.000000e+00 0.000000e+00  1.193700e+03  1.393963e+02 1.393963e+02 
1.075000e-01  0.000000e+00 0.000000e+00  1.373750e+03  1.801585e+02 1.801585e+02 
1.150000e-01  0.000000e+00 0.000000e+00  1.323650e+03  1.478160e+02 1.478160e+02 
1.250000e-01  0.000000e+00 0.000000e+00  1.358180e+03  1.389230e+02 1.389230e+02 
1.400000e-01  0.000000e+00 0.000000e+00  1.480670e+03  1.445676e+02 1.445676e+02 
1.550000e-01  0.000000e+00 0.000000e+00  1.627980e+03  1.724404e+02 1.724404e+02 
1.650000e-01  0.000000e+00 0.000000e+00  1.601610e+03  1.691821e+02 1.691821e+02 
1.800000e-01  0.000000e+00 0.000000e+00  1.656220e+03  1.577072e+02 1.577072e+02 
1.999500e-01  0.000000e+00 0.000000e+00  1.675410e+03  1.584636e+02 1.584636e+02 
2.150000e-01  0.000000e+00 0.000000e+00  1.727460e+03  1.671939e+02 1.671939e+02 
2.300000e-01  0.000000e+00 0.000000e+00  1.793750e+03  1.619536e+02 1.619536e+02 
2.500000e-01  0.000000e+00 0.000000e+00  1.826920e+03  1.646142e+02 1.646142e+02 
2.750000e-01  0.000000e+00 0.000000e+00  1.886910e+03  1.654338e+02 1.654338e+02 
3.000000e-01  0.000000e+00 0.000000e+00  1.879010e+03  1.683681e+02 1.683681e+02 
3.250000e-01  0.000000e+00 0.000000e+00  1.820480e+03  1.593781e+02 1.593781e+02 
3.500000e-01  0.000000e+00 0.000000e+00  1.832750e+03  1.645198e+02 1.645198e+02 
3.750000e-01  0.000000e+00 0.000000e+00  1.836950e+03  1.605247e+02 1.605247e+02 
4.100000e-01  0.000000e+00 0.000000e+00  1.807590e+03  1.558448e+02 1.558448e+02 
4.450000e-01  0.000000e+00 0.000000e+00  1.769240e+03  1.546907e+02 1.546907e+02 
4.800000e-01  0.000000e+00 0.000000e+00  1.739090e+03  1.501009e+02 1.501009e+02 
5.200000e-01  0.000000e+00 0.000000e+00  1.766160e+03  1.522612e+02 1.522612e+02 
5.600000e-01  0.000000e+00 0.000000e+00  1.644830e+03  1.422839e+02 1.422839e+02 
6.000000e-01  0.000000e+00 0.000000e+00  1.577930e+03  1.366864e+02 1.366864e+02 
6.450000e-01  0.000000e+00 0.000000e+00  1.513200e+03  1.299154e+02 1.299154e+02 
6.950000e-01  0.000000e+00 0.000000e+00  1.498370e+03  1.286522e+02 1.286522e+02 
7.450000e-01  0.000000e+00 0.000000e+00  1.426800e+03  1.228539e+02 1.228539e+02 
8.000000e-01  0.000000e+00 0.000000e+00  1.318880e+03  1.130085e+02 1.130085e+02 
8.600000e-01  0.000000e+00 0.000000e+00  1.279660e+03  1.098098e+02 1.098098e+02 
9.250000e-01  0.000000e+00 0.000000e+00  1.200630e+03  1.026653e+02 1.026653e+02 
9.900000e-01  0.000000e+00 0.000000e+00  1.137170e+03  9.721250e+01 9.721250e+01 
1.055000e+00  0.000000e+00 0.000000e+00  1.055450e+03  8.997980e+01 8.997980e+01 
1.130000e+00  0.000000e+00 0.000000e+00  9.859340e+02  8.383420e+01 8.383420e+01 
1.210000e+00  0.000000e+00 0.000000e+00  9.452040e+02  8.052028e+01 8.052028e+01 
1.295000e+00  0.000000e+00 0.000000e+00  8.594300e+02  7.313431e+01 7.313431e+01 
1.380000e+00  0.000000e+00 0.000000e+00  8.044870e+02  6.892380e+01 6.892380e+01 
1.470000e+00  0.000000e+00 0.000000e+00  7.587960e+02  6.457368e+01 6.457368e+01 
1.570000e+00  0.000000e+00 0.000000e+00  6.836110e+02  5.844900e+01 5.844900e+01 
1.670000e+00  0.000000e+00 0.000000e+00  6.390660e+02  5.478002e+01 5.478002e+01 
1.775000e+00  0.000000e+00 0.000000e+00  5.835380e+02  4.997911e+01 4.997911e+01 
1.890000e+00  0.000000e+00 0.000000e+00  5.448700e+02  4.659493e+01 4.659493e+01 
2.010000e+00  0.000000e+00 0.000000e+00  4.948660e+02  4.249972e+01 4.249972e+01 
2.135000e+00  0.000000e+00 0.000000e+00  4.702750e+02  4.022112e+01 4.022112e+01 
2.265000e+00  0.000000e+00 0.000000e+00  4.199290e+02  3.606828e+01 3.606828e+01 
2.405000e+00  0.000000e+00 0.000000e+00  3.847550e+02  3.297944e+01 3.297944e+01 
2.550000e+00  0.000000e+00 0.000000e+00  3.514790e+02  3.033749e+01 3.033749e+01 
2.700000e+00  0.000000e+00 0.000000e+00  3.232870e+02  2.782322e+01 2.782322e+01 
2.860000e+00  0.000000e+00 0.000000e+00  2.922860e+02  2.526904e+01 2.526904e+01 
3.030000e+00  0.000000e+00 0.000000e+00  2.608990e+02  2.252011e+01 2.252011e+01 
3.210000e+00  0.000000e+00 0.000000e+00  2.347530e+02  2.038148e+01 2.038148e+01 
3.395000e+00  0.000000e+00 0.000000e+00  2.226860e+02  1.934653e+01 1.934653e+01 
3.590000e+00  0.000000e+00 0.000000e+00  1.961110e+02  1.709176e+01 1.709176e+01 
3.905000e+00  0.000000e+00 0.000000e+00  1.665690e+02  1.413811e+01 1.413811e+01 
4.355000e+00  0.000000e+00 0.000000e+00  1.384890e+02  1.180073e+01 1.180073e+01 
4.850000e+00  0.000000e+00 0.000000e+00  1.117780e+02  9.553555e+00 9.553555e+00 
5.395000e+00  0.000000e+00 0.000000e+00  8.790900e+01  7.556104e+00 7.556104e+00 
5.990000e+00  0.000000e+00 0.000000e+00  7.357000e+01  6.348739e+00 6.348739e+00 
6.645000e+00  0.000000e+00 0.000000e+00  5.578700e+01  4.843179e+00 4.843179e+00 
7.365000e+00  0.000000e+00 0.000000e+00  4.452800e+01  3.890513e+00 3.890513e+00 
8.155000e+00  0.000000e+00 0.000000e+00  3.530500e+01  3.101509e+00 3.101509e+00 
9.025000e+00  0.000000e+00 0.000000e+00  2.740700e+01  2.403257e+00 2.403257e+00 
9.980000e+00  0.000000e+00 0.000000e+00  2.277000e+01  2.010838e+00 2.010838e+00 
1.102500e+01  0.000000e+00 0.000000e+00  1.754300e+01  1.560593e+00 1.560593e+00 
1.217000e+01  0.000000e+00 0.000000e+00  1.345200e+01  1.207289e+00 1.207289e+00 
1.343000e+01  0.000000e+00 0.000000e+00  1.093900e+01  9.903962e-01 9.903962e-01 
1.481500e+01  0.000000e+00 0.000000e+00  8.491000e+00  7.762928e-01 7.762928e-01 
1.633000e+01  0.000000e+00 0.000000e+00  6.544000e+00  6.065888e-01 6.065888e-01 
1.799000e+01  0.000000e+00 0.000000e+00  5.034000e+00  4.740546e-01 4.740546e-01 
1.981000e+01  0.000000e+00 0.000000e+00  3.954000e+00  3.757422e-01 3.757422e-01 
2.180500e+01  0.000000e+00 0.000000e+00  3.027000e+00  2.883512e-01 2.883512e-01 
2.400000e+01  0.000000e+00 0.000000e+00  2.235000e+00  2.180396e-01 2.180396e-01 
2.640500e+01  0.000000e+00 0.000000e+00  1.685000e+00  1.675487e-01 1.675487e-01 
2.904000e+01  0.000000e+00 0.000000e+00  1.474000e+00  1.475188e-01 1.475188e-01 
3.193000e+01  0.000000e+00 0.000000e+00  1.066000e+00  1.109563e-01 1.109563e-01 
3.509500e+01  0.000000e+00 0.000000e+00  8.710000e-01  9.200658e-02 9.200658e-02 
3.857000e+01  0.000000e+00 0.000000e+00  6.710000e-01  7.288820e-02 7.288820e-02 
4.238000e+01  0.000000e+00 0.000000e+00  4.560000e-01  5.210806e-02 5.210806e-02 
4.655500e+01  0.000000e+00 0.000000e+00  3.570000e-01  4.172673e-02 4.172673e-02 
