# Data from SSDC cosmic rays database www.ssdc.asi.it 
# File generated today 20260804 
# Errors may contain statistic and systematic depending on the options set when drawing the graph 
# Fluxes are multiplied by a power of Energy (or Rigidity) if the option is set when drawing the graph 
# Horizontal errors usually are not uncertanties of the measurement but correspond to binning. See publication. 
#
# GraphTitle: p PAMELA ApJL (2018) 
# XLabel: kinetic energy (GeV) 
# YLabel: flux ((m^{2} s sr GeV)^{-1}) 
#
# Columns: X, XErrorLow, XErrorHigh, Y, YErrorLow, YErrorHigh 
8.850000e-02  0.000000e+00 0.000000e+00  9.047330e+02  1.089261e+02 1.089261e+02 
1.000000e-01  0.000000e+00 0.000000e+00  1.046310e+03  1.290427e+02 1.290427e+02 
1.075000e-01  0.000000e+00 0.000000e+00  1.122080e+03  1.628394e+02 1.628394e+02 
1.150000e-01  0.000000e+00 0.000000e+00  1.123530e+03  1.345960e+02 1.345960e+02 
1.250000e-01  0.000000e+00 0.000000e+00  1.235560e+03  1.340787e+02 1.340787e+02 
1.400000e-01  0.000000e+00 0.000000e+00  1.427930e+03  1.426453e+02 1.426453e+02 
1.550000e-01  0.000000e+00 0.000000e+00  1.457110e+03  1.606171e+02 1.606171e+02 
1.650000e-01  0.000000e+00 0.000000e+00  1.524220e+03  1.671311e+02 1.671311e+02 
1.800000e-01  0.000000e+00 0.000000e+00  1.507060e+03  1.469861e+02 1.469861e+02 
1.999500e-01  0.000000e+00 0.000000e+00  1.572680e+03  1.524536e+02 1.524536e+02 
2.150000e-01  0.000000e+00 0.000000e+00  1.668540e+03  1.640762e+02 1.640762e+02 
2.300000e-01  0.000000e+00 0.000000e+00  1.718760e+03  1.571322e+02 1.571322e+02 
2.500000e-01  0.000000e+00 0.000000e+00  1.719470e+03  1.569595e+02 1.569595e+02 
2.750000e-01  0.000000e+00 0.000000e+00  1.766840e+03  1.560584e+02 1.560584e+02 
3.000000e-01  0.000000e+00 0.000000e+00  1.751900e+03  1.591122e+02 1.591122e+02 
3.250000e-01  0.000000e+00 0.000000e+00  1.825930e+03  1.605709e+02 1.605709e+02 
3.500000e-01  0.000000e+00 0.000000e+00  1.832230e+03  1.653694e+02 1.653694e+02 
3.750000e-01  0.000000e+00 0.000000e+00  1.729130e+03  1.522166e+02 1.522166e+02 
4.100000e-01  0.000000e+00 0.000000e+00  1.683700e+03  1.459862e+02 1.459862e+02 
4.450000e-01  0.000000e+00 0.000000e+00  1.696450e+03  1.492979e+02 1.492979e+02 
4.800000e-01  0.000000e+00 0.000000e+00  1.684340e+03  1.461229e+02 1.461229e+02 
5.200000e-01  0.000000e+00 0.000000e+00  1.611330e+03  1.399866e+02 1.399866e+02 
5.600000e-01  0.000000e+00 0.000000e+00  1.556760e+03  1.352965e+02 1.352965e+02 
6.000000e-01  0.000000e+00 0.000000e+00  1.569500e+03  1.364054e+02 1.364054e+02 
6.450000e-01  0.000000e+00 0.000000e+00  1.498250e+03  1.292223e+02 1.292223e+02 
6.950000e-01  0.000000e+00 0.000000e+00  1.423440e+03  1.230160e+02 1.230160e+02 
7.450000e-01  0.000000e+00 0.000000e+00  1.324730e+03  1.147563e+02 1.147563e+02 
8.000000e-01  0.000000e+00 0.000000e+00  1.294810e+03  1.113183e+02 1.113183e+02 
8.600000e-01  0.000000e+00 0.000000e+00  1.246440e+03  1.074046e+02 1.074046e+02 
9.250000e-01  0.000000e+00 0.000000e+00  1.178180e+03  1.010673e+02 1.010673e+02 
9.900000e-01  0.000000e+00 0.000000e+00  1.112410e+03  9.541688e+01 9.541688e+01 
1.055000e+00  0.000000e+00 0.000000e+00  1.041220e+03  8.898948e+01 8.898948e+01 
1.130000e+00  0.000000e+00 0.000000e+00  9.806380e+02  8.358924e+01 8.358924e+01 
1.210000e+00  0.000000e+00 0.000000e+00  9.057270e+02  7.744715e+01 7.744715e+01 
1.295000e+00  0.000000e+00 0.000000e+00  8.638370e+02  7.364038e+01 7.364038e+01 
1.380000e+00  0.000000e+00 0.000000e+00  7.917930e+02  6.808782e+01 6.808782e+01 
1.470000e+00  0.000000e+00 0.000000e+00  7.235410e+02  6.184659e+01 6.184659e+01 
1.570000e+00  0.000000e+00 0.000000e+00  6.820460e+02  5.846463e+01 5.846463e+01 
1.670000e+00  0.000000e+00 0.000000e+00  6.242430e+02  5.367527e+01 5.367527e+01 
1.775000e+00  0.000000e+00 0.000000e+00  5.937890e+02  5.101438e+01 5.101438e+01 
1.890000e+00  0.000000e+00 0.000000e+00  5.357610e+02  4.603380e+01 4.603380e+01 
2.010000e+00  0.000000e+00 0.000000e+00  4.908940e+02  4.233953e+01 4.233953e+01 
2.135000e+00  0.000000e+00 0.000000e+00  4.529070e+02  3.891004e+01 3.891004e+01 
2.265000e+00  0.000000e+00 0.000000e+00  4.090650e+02  3.526449e+01 3.526449e+01 
2.405000e+00  0.000000e+00 0.000000e+00  3.776890e+02  3.248520e+01 3.248520e+01 
2.550000e+00  0.000000e+00 0.000000e+00  3.497910e+02  3.029736e+01 3.029736e+01 
2.700000e+00  0.000000e+00 0.000000e+00  3.132570e+02  2.708116e+01 2.708116e+01 
2.860000e+00  0.000000e+00 0.000000e+00  2.916660e+02  2.529828e+01 2.529828e+01 
3.030000e+00  0.000000e+00 0.000000e+00  2.567200e+02  2.227556e+01 2.227556e+01 
3.210000e+00  0.000000e+00 0.000000e+00  2.322840e+02  2.024406e+01 2.024406e+01 
3.395000e+00  0.000000e+00 0.000000e+00  2.176070e+02  1.897894e+01 1.897894e+01 
3.590000e+00  0.000000e+00 0.000000e+00  2.020080e+02  1.766095e+01 1.766095e+01 
3.905000e+00  0.000000e+00 0.000000e+00  1.666250e+02  1.418768e+01 1.418768e+01 
4.355000e+00  0.000000e+00 0.000000e+00  1.346450e+02  1.152002e+01 1.152002e+01 
4.850000e+00  0.000000e+00 0.000000e+00  1.094200e+02  9.392234e+00 9.392234e+00 
5.395000e+00  0.000000e+00 0.000000e+00  9.125300e+01  7.870246e+00 7.870246e+00 
5.990000e+00  0.000000e+00 0.000000e+00  6.851200e+01  5.947556e+00 5.947556e+00 
6.645000e+00  0.000000e+00 0.000000e+00  5.815800e+01  5.061989e+00 5.061989e+00 
7.365000e+00  0.000000e+00 0.000000e+00  4.494800e+01  3.946681e+00 3.946681e+00 
8.155000e+00  0.000000e+00 0.000000e+00  3.475700e+01  3.070375e+00 3.070375e+00 
9.025000e+00  0.000000e+00 0.000000e+00  2.754400e+01  2.426632e+00 2.426632e+00 
9.980000e+00  0.000000e+00 0.000000e+00  2.185100e+01  1.938698e+00 1.938698e+00 
1.102500e+01  0.000000e+00 0.000000e+00  1.797800e+01  1.606030e+00 1.606030e+00 
1.217000e+01  0.000000e+00 0.000000e+00  1.363900e+01  1.230383e+00 1.230383e+00 
1.343000e+01  0.000000e+00 0.000000e+00  1.036500e+01  9.465036e-01 9.465036e-01 
1.481500e+01  0.000000e+00 0.000000e+00  8.382000e+00  7.727093e-01 7.727093e-01 
1.633000e+01  0.000000e+00 0.000000e+00  6.833000e+00  6.341169e-01 6.341169e-01 
1.799000e+01  0.000000e+00 0.000000e+00  5.034000e+00  4.763666e-01 4.763666e-01 
1.981000e+01  0.000000e+00 0.000000e+00  3.706000e+00  3.582063e-01 3.582063e-01 
2.180500e+01  0.000000e+00 0.000000e+00  2.947000e+00  2.853642e-01 2.853642e-01 
2.400000e+01  0.000000e+00 0.000000e+00  2.440000e+00  2.404736e-01 2.404736e-01 
2.640500e+01  0.000000e+00 0.000000e+00  1.795000e+00  1.801430e-01 1.801430e-01 
2.904000e+01  0.000000e+00 0.000000e+00  1.508000e+00  1.533116e-01 1.533116e-01 
3.193000e+01  0.000000e+00 0.000000e+00  1.108000e+00  1.161015e-01 1.161015e-01 
3.509500e+01  0.000000e+00 0.000000e+00  8.660000e-01  9.234652e-02 9.234652e-02 
3.857000e+01  0.000000e+00 0.000000e+00  5.980000e-01  6.722001e-02 6.722001e-02 
4.238000e+01  0.000000e+00 0.000000e+00  4.840000e-01  5.495635e-02 5.495635e-02 
4.655500e+01  0.000000e+00 0.000000e+00  3.540000e-01  4.237747e-02 4.237747e-02 
