# Data from SSDC cosmic rays database www.ssdc.asi.it 
# File generated today 20260804 
# Errors may contain statistic and systematic depending on the options set when drawing the graph 
# Fluxes are multiplied by a power of Energy (or Rigidity) if the option is set when drawing the graph 
# Horizontal errors usually are not uncertanties of the measurement but correspond to binning. See publication. 
#
# GraphTitle: p PAMELA ApJL (2018) 
# XLabel: kinetic energy (GeV) 
# YLabel: flux ((m^{2} s sr GeV)^{-1}) 
#
# Columns: X, XErrorLow, XErrorHigh, Y, YErrorLow, YErrorHigh 
8.850000e-02  0.000000e+00 0.000000e+00  6.510090e+02  8.580573e+01 8.580573e+01 
1.000000e-01  0.000000e+00 0.000000e+00  6.562860e+02  9.158755e+01 9.158755e+01 
1.075000e-01  0.000000e+00 0.000000e+00  7.362360e+02  1.230276e+02 1.230276e+02 
1.150000e-01  0.000000e+00 0.000000e+00  6.694350e+02  9.137497e+01 9.137497e+01 
1.250000e-01  0.000000e+00 0.000000e+00  7.931730e+02  9.723083e+01 9.723083e+01 
1.400000e-01  0.000000e+00 0.000000e+00  8.927770e+02  9.618776e+01 9.618776e+01 
1.550000e-01  0.000000e+00 0.000000e+00  8.988330e+02  1.112908e+02 1.112908e+02 
1.650000e-01  0.000000e+00 0.000000e+00  8.728680e+02  1.071757e+02 1.071757e+02 
1.800000e-01  0.000000e+00 0.000000e+00  9.115270e+02  9.538258e+01 9.538258e+01 
1.999500e-01  0.000000e+00 0.000000e+00  1.075950e+03  1.094940e+02 1.094940e+02 
2.150000e-01  0.000000e+00 0.000000e+00  1.112110e+03  1.157367e+02 1.157367e+02 
2.300000e-01  0.000000e+00 0.000000e+00  1.102370e+03  1.050306e+02 1.050306e+02 
2.500000e-01  0.000000e+00 0.000000e+00  1.112180e+03  1.049375e+02 1.049375e+02 
2.750000e-01  0.000000e+00 0.000000e+00  1.109180e+03  1.010063e+02 1.010063e+02 
3.000000e-01  0.000000e+00 0.000000e+00  1.194980e+03  1.116685e+02 1.116685e+02 
3.250000e-01  0.000000e+00 0.000000e+00  1.207120e+03  1.090294e+02 1.090294e+02 
3.500000e-01  0.000000e+00 0.000000e+00  1.213380e+03  1.132593e+02 1.132593e+02 
3.750000e-01  0.000000e+00 0.000000e+00  1.174240e+03  1.058734e+02 1.058734e+02 
4.100000e-01  0.000000e+00 0.000000e+00  1.209660e+03  1.068714e+02 1.068714e+02 
4.450000e-01  0.000000e+00 0.000000e+00  1.222420e+03  1.097737e+02 1.097737e+02 
4.800000e-01  0.000000e+00 0.000000e+00  1.212420e+03  1.070077e+02 1.070077e+02 
5.200000e-01  0.000000e+00 0.000000e+00  1.179590e+03  1.041790e+02 1.041790e+02 
5.600000e-01  0.000000e+00 0.000000e+00  1.154370e+03  1.020527e+02 1.020527e+02 
6.000000e-01  0.000000e+00 0.000000e+00  1.165330e+03  1.028855e+02 1.028855e+02 
6.450000e-01  0.000000e+00 0.000000e+00  1.145250e+03  1.000383e+02 1.000383e+02 
6.950000e-01  0.000000e+00 0.000000e+00  1.071950e+03  9.393141e+01 9.393141e+01 
7.450000e-01  0.000000e+00 0.000000e+00  1.040600e+03  9.141913e+01 9.141913e+01 
8.000000e-01  0.000000e+00 0.000000e+00  1.010050e+03  8.781627e+01 8.781627e+01 
8.600000e-01  0.000000e+00 0.000000e+00  9.783800e+02  8.529986e+01 8.529986e+01 
9.250000e-01  0.000000e+00 0.000000e+00  9.224540e+02  7.997615e+01 7.997615e+01 
9.900000e-01  0.000000e+00 0.000000e+00  8.762850e+02  7.587225e+01 7.587225e+01 
1.055000e+00  0.000000e+00 0.000000e+00  8.359900e+02  7.206377e+01 7.206377e+01 
1.130000e+00  0.000000e+00 0.000000e+00  7.938910e+02  6.819683e+01 6.819683e+01 
1.210000e+00  0.000000e+00 0.000000e+00  7.374830e+02  6.355065e+01 6.355065e+01 
1.295000e+00  0.000000e+00 0.000000e+00  7.001880e+02  6.021652e+01 6.021652e+01 
1.380000e+00  0.000000e+00 0.000000e+00  6.607980e+02  5.727548e+01 5.727548e+01 
1.470000e+00  0.000000e+00 0.000000e+00  6.316260e+02  5.426775e+01 5.426775e+01 
1.570000e+00  0.000000e+00 0.000000e+00  5.960340e+02  5.138932e+01 5.138932e+01 
1.670000e+00  0.000000e+00 0.000000e+00  5.221480e+02  4.529320e+01 4.529320e+01 
1.775000e+00  0.000000e+00 0.000000e+00  4.979140e+02  4.310814e+01 4.310814e+01 
1.890000e+00  0.000000e+00 0.000000e+00  4.934970e+02  4.264094e+01 4.264094e+01 
2.010000e+00  0.000000e+00 0.000000e+00  4.446160e+02  3.857163e+01 3.857163e+01 
2.135000e+00  0.000000e+00 0.000000e+00  3.879370e+02  3.358582e+01 3.358582e+01 
2.265000e+00  0.000000e+00 0.000000e+00  3.680740e+02  3.192410e+01 3.192410e+01 
2.405000e+00  0.000000e+00 0.000000e+00  3.433890e+02  2.969967e+01 2.969967e+01 
2.550000e+00  0.000000e+00 0.000000e+00  3.136260e+02  2.734310e+01 2.734310e+01 
2.700000e+00  0.000000e+00 0.000000e+00  2.822540e+02  2.457403e+01 2.457403e+01 
2.860000e+00  0.000000e+00 0.000000e+00  2.528650e+02  2.210138e+01 2.210138e+01 
3.030000e+00  0.000000e+00 0.000000e+00  2.407510e+02  2.096921e+01 2.096921e+01 
3.210000e+00  0.000000e+00 0.000000e+00  2.219350e+02  1.943439e+01 1.943439e+01 
3.395000e+00  0.000000e+00 0.000000e+00  1.981950e+02  1.739257e+01 1.739257e+01 
3.590000e+00  0.000000e+00 0.000000e+00  1.818750e+02  1.597750e+01 1.597750e+01 
3.905000e+00  0.000000e+00 0.000000e+00  1.552740e+02  1.326768e+01 1.326768e+01 
4.355000e+00  0.000000e+00 0.000000e+00  1.257160e+02  1.078705e+01 1.078705e+01 
4.850000e+00  0.000000e+00 0.000000e+00  1.040360e+02  8.964330e+00 8.964330e+00 
5.395000e+00  0.000000e+00 0.000000e+00  8.655100e+01  7.487776e+00 7.487776e+00 
5.990000e+00  0.000000e+00 0.000000e+00  6.720500e+01  5.849282e+00 5.849282e+00 
6.645000e+00  0.000000e+00 0.000000e+00  5.380600e+01  4.713181e+00 4.713181e+00 
7.365000e+00  0.000000e+00 0.000000e+00  4.326400e+01  3.806964e+00 3.806964e+00 
8.155000e+00  0.000000e+00 0.000000e+00  3.482600e+01  3.090068e+00 3.090068e+00 
9.025000e+00  0.000000e+00 0.000000e+00  2.698000e+01  2.386228e+00 2.386228e+00 
9.980000e+00  0.000000e+00 0.000000e+00  2.204800e+01  1.960012e+00 1.960012e+00 
1.102500e+01  0.000000e+00 0.000000e+00  1.689700e+01  1.517363e+00 1.517363e+00 
1.217000e+01  0.000000e+00 0.000000e+00  1.395400e+01  1.259858e+00 1.259858e+00 
1.343000e+01  0.000000e+00 0.000000e+00  1.047500e+01  9.587155e-01 9.587155e-01 
1.481500e+01  0.000000e+00 0.000000e+00  7.873000e+00  7.323345e-01 7.323345e-01 
1.633000e+01  0.000000e+00 0.000000e+00  6.307000e+00  5.926373e-01 5.926373e-01 
1.799000e+01  0.000000e+00 0.000000e+00  5.018000e+00  4.760180e-01 4.760180e-01 
1.981000e+01  0.000000e+00 0.000000e+00  3.638000e+00  3.544031e-01 3.544031e-01 
2.180500e+01  0.000000e+00 0.000000e+00  3.147000e+00  3.023552e-01 3.023552e-01 
2.400000e+01  0.000000e+00 0.000000e+00  2.373000e+00  2.343790e-01 2.343790e-01 
2.640500e+01  0.000000e+00 0.000000e+00  1.743000e+00  1.764239e-01 1.764239e-01 
2.904000e+01  0.000000e+00 0.000000e+00  1.392000e+00  1.432494e-01 1.432494e-01 
3.193000e+01  0.000000e+00 0.000000e+00  1.238000e+00  1.282855e-01 1.282855e-01 
3.509500e+01  0.000000e+00 0.000000e+00  8.210000e-01  8.938014e-02 8.938014e-02 
3.857000e+01  0.000000e+00 0.000000e+00  5.980000e-01  6.731159e-02 6.731159e-02 
4.238000e+01  0.000000e+00 0.000000e+00  4.570000e-01  5.356762e-02 5.356762e-02 
4.655500e+01  0.000000e+00 0.000000e+00  3.780000e-01  4.457858e-02 4.457858e-02 
