# Data from SSDC cosmic rays database www.ssdc.asi.it 
# File generated today 20260804 
# Errors may contain statistic and systematic depending on the options set when drawing the graph 
# Fluxes are multiplied by a power of Energy (or Rigidity) if the option is set when drawing the graph 
# Horizontal errors usually are not uncertanties of the measurement but correspond to binning. See publication. 
#
# GraphTitle: p PAMELA ApJL (2018) 
# XLabel: kinetic energy (GeV) 
# YLabel: flux ((m^{2} s sr GeV)^{-1}) 
#
# Columns: X, XErrorLow, XErrorHigh, Y, YErrorLow, YErrorHigh 
8.850000e-02  0.000000e+00 0.000000e+00  7.953080e+02  8.981212e+01 8.981212e+01 
1.000000e-01  0.000000e+00 0.000000e+00  8.367700e+02  9.858015e+01 9.858015e+01 
1.075000e-01  0.000000e+00 0.000000e+00  9.392650e+02  1.263616e+02 1.263616e+02 
1.150000e-01  0.000000e+00 0.000000e+00  9.796900e+02  1.099737e+02 1.099737e+02 
1.250000e-01  0.000000e+00 0.000000e+00  9.636790e+02  1.005655e+02 1.005655e+02 
1.400000e-01  0.000000e+00 0.000000e+00  1.075860e+03  1.053629e+02 1.053629e+02 
1.550000e-01  0.000000e+00 0.000000e+00  1.046060e+03  1.138258e+02 1.138258e+02 
1.650000e-01  0.000000e+00 0.000000e+00  1.151040e+03  1.228431e+02 1.228431e+02 
1.800000e-01  0.000000e+00 0.000000e+00  1.179810e+03  1.129911e+02 1.129911e+02 
1.999500e-01  0.000000e+00 0.000000e+00  1.304950e+03  1.232457e+02 1.232457e+02 
2.150000e-01  0.000000e+00 0.000000e+00  1.282350e+03  1.240522e+02 1.240522e+02 
2.300000e-01  0.000000e+00 0.000000e+00  1.323680e+03  1.195349e+02 1.195349e+02 
2.500000e-01  0.000000e+00 0.000000e+00  1.381820e+03  1.240958e+02 1.240958e+02 
2.750000e-01  0.000000e+00 0.000000e+00  1.382850e+03  1.210934e+02 1.210934e+02 
3.000000e-01  0.000000e+00 0.000000e+00  1.411770e+03  1.264325e+02 1.264325e+02 
3.250000e-01  0.000000e+00 0.000000e+00  1.405830e+03  1.227826e+02 1.227826e+02 
3.500000e-01  0.000000e+00 0.000000e+00  1.427090e+03  1.275115e+02 1.275115e+02 
3.750000e-01  0.000000e+00 0.000000e+00  1.412140e+03  1.231626e+02 1.231626e+02 
4.100000e-01  0.000000e+00 0.000000e+00  1.414240e+03  1.215994e+02 1.215994e+02 
4.450000e-01  0.000000e+00 0.000000e+00  1.386430e+03  1.210176e+02 1.210176e+02 
4.800000e-01  0.000000e+00 0.000000e+00  1.426760e+03  1.226303e+02 1.226303e+02 
5.200000e-01  0.000000e+00 0.000000e+00  1.358090e+03  1.169648e+02 1.169648e+02 
5.600000e-01  0.000000e+00 0.000000e+00  1.312370e+03  1.131984e+02 1.131984e+02 
6.000000e-01  0.000000e+00 0.000000e+00  1.308980e+03  1.129449e+02 1.129449e+02 
6.450000e-01  0.000000e+00 0.000000e+00  1.272050e+03  1.088458e+02 1.088458e+02 
6.950000e-01  0.000000e+00 0.000000e+00  1.198770e+03  1.028832e+02 1.028832e+02 
7.450000e-01  0.000000e+00 0.000000e+00  1.124220e+03  9.663820e+01 9.663820e+01 
8.000000e-01  0.000000e+00 0.000000e+00  1.121780e+03  9.578567e+01 9.578567e+01 
8.600000e-01  0.000000e+00 0.000000e+00  1.087580e+03  9.301517e+01 9.301517e+01 
9.250000e-01  0.000000e+00 0.000000e+00  1.038530e+03  8.843412e+01 8.843412e+01 
9.900000e-01  0.000000e+00 0.000000e+00  9.367710e+02  7.991969e+01 7.991969e+01 
1.055000e+00  0.000000e+00 0.000000e+00  8.977450e+02  7.631288e+01 7.631288e+01 
1.130000e+00  0.000000e+00 0.000000e+00  8.607320e+02  7.290326e+01 7.290326e+01 
1.210000e+00  0.000000e+00 0.000000e+00  7.895040e+02  6.706393e+01 6.706393e+01 
1.295000e+00  0.000000e+00 0.000000e+00  7.264670e+02  6.164238e+01 6.164238e+01 
1.380000e+00  0.000000e+00 0.000000e+00  7.212080e+02  6.150934e+01 6.150934e+01 
1.470000e+00  0.000000e+00 0.000000e+00  6.627160e+02  5.622452e+01 5.622452e+01 
1.570000e+00  0.000000e+00 0.000000e+00  6.060270e+02  5.157053e+01 5.157053e+01 
1.670000e+00  0.000000e+00 0.000000e+00  5.626030e+02  4.796116e+01 4.796116e+01 
1.775000e+00  0.000000e+00 0.000000e+00  5.259540e+02  4.481443e+01 4.481443e+01 
1.890000e+00  0.000000e+00 0.000000e+00  4.902760e+02  4.175860e+01 4.175860e+01 
2.010000e+00  0.000000e+00 0.000000e+00  4.314150e+02  3.689445e+01 3.689445e+01 
2.135000e+00  0.000000e+00 0.000000e+00  4.153250e+02  3.538297e+01 3.538297e+01 
2.265000e+00  0.000000e+00 0.000000e+00  3.813390e+02  3.258735e+01 3.258735e+01 
2.405000e+00  0.000000e+00 0.000000e+00  3.383660e+02  2.886774e+01 2.886774e+01 
2.550000e+00  0.000000e+00 0.000000e+00  3.148570e+02  2.700873e+01 2.700873e+01 
2.700000e+00  0.000000e+00 0.000000e+00  2.943600e+02  2.517931e+01 2.517931e+01 
2.860000e+00  0.000000e+00 0.000000e+00  2.645130e+02  2.274118e+01 2.274118e+01 
3.030000e+00  0.000000e+00 0.000000e+00  2.418200e+02  2.075545e+01 2.075545e+01 
3.210000e+00  0.000000e+00 0.000000e+00  2.160800e+02  1.861554e+01 1.861554e+01 
3.395000e+00  0.000000e+00 0.000000e+00  2.014180e+02  1.737102e+01 1.737102e+01 
3.590000e+00  0.000000e+00 0.000000e+00  1.859560e+02  1.606651e+01 1.606651e+01 
3.905000e+00  0.000000e+00 0.000000e+00  1.533630e+02  1.295648e+01 1.295648e+01 
4.355000e+00  0.000000e+00 0.000000e+00  1.285400e+02  1.089173e+01 1.089173e+01 
4.850000e+00  0.000000e+00 0.000000e+00  1.035220e+02  8.799054e+00 8.799054e+00 
5.395000e+00  0.000000e+00 0.000000e+00  8.576000e+01  7.318804e+00 7.318804e+00 
5.990000e+00  0.000000e+00 0.000000e+00  6.620300e+01  5.678660e+00 5.678660e+00 
6.645000e+00  0.000000e+00 0.000000e+00  5.325700e+01  4.582090e+00 4.582090e+00 
7.365000e+00  0.000000e+00 0.000000e+00  4.337000e+01  3.752856e+00 3.752856e+00 
8.155000e+00  0.000000e+00 0.000000e+00  3.550300e+01  3.084431e+00 3.084431e+00 
9.025000e+00  0.000000e+00 0.000000e+00  2.588700e+01  2.254074e+00 2.254074e+00 
9.980000e+00  0.000000e+00 0.000000e+00  2.170800e+01  1.895605e+00 1.895605e+00 
1.102500e+01  0.000000e+00 0.000000e+00  1.746900e+01  1.538146e+00 1.538146e+00 
1.217000e+01  0.000000e+00 0.000000e+00  1.367300e+01  1.210528e+00 1.210528e+00 
1.343000e+01  0.000000e+00 0.000000e+00  1.011200e+01  9.052726e-01 9.052726e-01 
1.481500e+01  0.000000e+00 0.000000e+00  8.455000e+00  7.601600e-01 7.601600e-01 
1.633000e+01  0.000000e+00 0.000000e+00  6.545000e+00  5.944063e-01 5.944063e-01 
1.799000e+01  0.000000e+00 0.000000e+00  5.109000e+00  4.690041e-01 4.690041e-01 
1.981000e+01  0.000000e+00 0.000000e+00  3.756000e+00  3.513536e-01 3.513536e-01 
2.180500e+01  0.000000e+00 0.000000e+00  2.950000e+00  2.753973e-01 2.753973e-01 
2.400000e+01  0.000000e+00 0.000000e+00  2.318000e+00  2.197497e-01 2.197497e-01 
2.640500e+01  0.000000e+00 0.000000e+00  1.770000e+00  1.707624e-01 1.707624e-01 
2.904000e+01  0.000000e+00 0.000000e+00  1.497000e+00  1.462316e-01 1.462316e-01 
3.193000e+01  0.000000e+00 0.000000e+00  1.149000e+00  1.144525e-01 1.144525e-01 
3.509500e+01  0.000000e+00 0.000000e+00  8.400000e-01  8.602628e-02 8.602628e-02 
3.857000e+01  0.000000e+00 0.000000e+00  5.850000e-01  6.196362e-02 6.196362e-02 
4.238000e+01  0.000000e+00 0.000000e+00  4.650000e-01  5.035176e-02 5.035176e-02 
4.655500e+01  0.000000e+00 0.000000e+00  3.890000e-01  4.259061e-02 4.259061e-02 
