# Data from SSDC cosmic rays database www.ssdc.asi.it 
# File generated today 20260804 
# Errors may contain statistic and systematic depending on the options set when drawing the graph 
# Fluxes are multiplied by a power of Energy (or Rigidity) if the option is set when drawing the graph 
# Horizontal errors usually are not uncertanties of the measurement but correspond to binning. See publication. 
#
# GraphTitle: p PAMELA ApJL (2018) 
# XLabel: kinetic energy (GeV) 
# YLabel: flux ((m^{2} s sr GeV)^{-1}) 
#
# Columns: X, XErrorLow, XErrorHigh, Y, YErrorLow, YErrorHigh 
8.850000e-02  0.000000e+00 0.000000e+00  1.645830e+02  3.187298e+01 3.187298e+01 
1.000000e-01  0.000000e+00 0.000000e+00  1.819620e+02  3.726640e+01 3.726640e+01 
1.075000e-01  0.000000e+00 0.000000e+00  1.995480e+02  5.114416e+01 5.114416e+01 
1.150000e-01  0.000000e+00 0.000000e+00  2.052540e+02  3.875546e+01 3.875546e+01 
1.250000e-01  0.000000e+00 0.000000e+00  2.231060e+02  3.978507e+01 3.978507e+01 
1.400000e-01  0.000000e+00 0.000000e+00  2.863000e+02  3.842095e+01 3.842095e+01 
1.550000e-01  0.000000e+00 0.000000e+00  3.095470e+02  4.968210e+01 4.968210e+01 
1.650000e-01  0.000000e+00 0.000000e+00  2.875790e+02  4.695838e+01 4.695838e+01 
1.800000e-01  0.000000e+00 0.000000e+00  3.227690e+02  4.076592e+01 4.076592e+01 
1.999500e-01  0.000000e+00 0.000000e+00  3.140530e+02  3.983539e+01 3.983539e+01 
2.150000e-01  0.000000e+00 0.000000e+00  3.224970e+02  4.123290e+01 4.123290e+01 
2.300000e-01  0.000000e+00 0.000000e+00  3.476350e+02  3.732458e+01 3.732458e+01 
2.500000e-01  0.000000e+00 0.000000e+00  3.953170e+02  4.169089e+01 4.169089e+01 
2.750000e-01  0.000000e+00 0.000000e+00  4.118360e+02  4.038953e+01 4.038953e+01 
3.000000e-01  0.000000e+00 0.000000e+00  4.201690e+02  4.326400e+01 4.326400e+01 
3.250000e-01  0.000000e+00 0.000000e+00  4.654190e+02  4.471130e+01 4.471130e+01 
3.500000e-01  0.000000e+00 0.000000e+00  4.604050e+02  4.651631e+01 4.651631e+01 
3.750000e-01  0.000000e+00 0.000000e+00  4.767390e+02  4.533055e+01 4.533055e+01 
4.100000e-01  0.000000e+00 0.000000e+00  5.006760e+02  4.620290e+01 4.620290e+01 
4.450000e-01  0.000000e+00 0.000000e+00  5.123990e+02  4.841119e+01 4.841119e+01 
4.800000e-01  0.000000e+00 0.000000e+00  5.405400e+02  4.943685e+01 4.943685e+01 
5.200000e-01  0.000000e+00 0.000000e+00  5.711070e+02  5.201899e+01 5.201899e+01 
5.600000e-01  0.000000e+00 0.000000e+00  5.182870e+02  4.748969e+01 4.748969e+01 
6.000000e-01  0.000000e+00 0.000000e+00  5.461310e+02  4.985514e+01 4.985514e+01 
6.450000e-01  0.000000e+00 0.000000e+00  5.329330e+02  4.791785e+01 4.791785e+01 
6.950000e-01  0.000000e+00 0.000000e+00  5.560230e+02  4.984772e+01 4.984772e+01 
7.450000e-01  0.000000e+00 0.000000e+00  5.420740e+02  4.871707e+01 4.871707e+01 
8.000000e-01  0.000000e+00 0.000000e+00  5.679050e+02  5.028913e+01 5.028913e+01 
8.600000e-01  0.000000e+00 0.000000e+00  5.485600e+02  4.862522e+01 4.862522e+01 
9.250000e-01  0.000000e+00 0.000000e+00  5.371290e+02  4.721679e+01 4.721679e+01 
9.900000e-01  0.000000e+00 0.000000e+00  5.077920e+02  4.453652e+01 4.453652e+01 
1.055000e+00  0.000000e+00 0.000000e+00  5.250430e+02  4.561793e+01 4.561793e+01 
1.130000e+00  0.000000e+00 0.000000e+00  5.116950e+02  4.426562e+01 4.426562e+01 
1.210000e+00  0.000000e+00 0.000000e+00  4.803550e+02  4.165577e+01 4.165577e+01 
1.295000e+00  0.000000e+00 0.000000e+00  4.694320e+02  4.054249e+01 4.054249e+01 
1.380000e+00  0.000000e+00 0.000000e+00  4.658780e+02  4.050904e+01 4.050904e+01 
1.470000e+00  0.000000e+00 0.000000e+00  4.288410e+02  3.706813e+01 3.706813e+01 
1.570000e+00  0.000000e+00 0.000000e+00  4.116720e+02  3.562490e+01 3.562490e+01 
1.670000e+00  0.000000e+00 0.000000e+00  3.826590e+02  3.325655e+01 3.325655e+01 
1.775000e+00  0.000000e+00 0.000000e+00  3.751390e+02  3.244793e+01 3.244793e+01 
1.890000e+00  0.000000e+00 0.000000e+00  3.488230e+02  3.018541e+01 3.018541e+01 
2.010000e+00  0.000000e+00 0.000000e+00  3.461740e+02  2.999302e+01 2.999302e+01 
2.135000e+00  0.000000e+00 0.000000e+00  3.167160e+02  2.732354e+01 2.732354e+01 
2.265000e+00  0.000000e+00 0.000000e+00  2.933390e+02  2.539879e+01 2.539879e+01 
2.405000e+00  0.000000e+00 0.000000e+00  2.724630e+02  2.351521e+01 2.351521e+01 
2.550000e+00  0.000000e+00 0.000000e+00  2.585420e+02  2.246176e+01 2.246176e+01 
2.700000e+00  0.000000e+00 0.000000e+00  2.416630e+02  2.092262e+01 2.092262e+01 
2.860000e+00  0.000000e+00 0.000000e+00  2.182760e+02  1.896868e+01 1.896868e+01 
3.030000e+00  0.000000e+00 0.000000e+00  2.064260e+02  1.789251e+01 1.789251e+01 
3.210000e+00  0.000000e+00 0.000000e+00  1.912440e+02  1.662079e+01 1.662079e+01 
3.395000e+00  0.000000e+00 0.000000e+00  1.703470e+02  1.485540e+01 1.485540e+01 
3.590000e+00  0.000000e+00 0.000000e+00  1.557310e+02  1.362110e+01 1.362110e+01 
3.905000e+00  0.000000e+00 0.000000e+00  1.360540e+02  1.156822e+01 1.156822e+01 
4.355000e+00  0.000000e+00 0.000000e+00  1.157140e+02  9.870585e+00 9.870585e+00 
4.850000e+00  0.000000e+00 0.000000e+00  9.218000e+01  7.893196e+00 7.893196e+00 
5.395000e+00  0.000000e+00 0.000000e+00  7.940800e+01  6.820910e+00 6.820910e+00 
5.990000e+00  0.000000e+00 0.000000e+00  6.241100e+01  5.387352e+00 5.387352e+00 
6.645000e+00  0.000000e+00 0.000000e+00  5.025100e+01  4.351841e+00 4.351841e+00 
7.365000e+00  0.000000e+00 0.000000e+00  4.042600e+01  3.526904e+00 3.526904e+00 
8.155000e+00  0.000000e+00 0.000000e+00  3.350800e+01  2.933345e+00 2.933345e+00 
9.025000e+00  0.000000e+00 0.000000e+00  2.538000e+01  2.221292e+00 2.221292e+00 
9.980000e+00  0.000000e+00 0.000000e+00  2.051700e+01  1.807666e+00 1.807666e+00 
1.102500e+01  0.000000e+00 0.000000e+00  1.643100e+01  1.457004e+00 1.457004e+00 
1.217000e+01  0.000000e+00 0.000000e+00  1.313500e+01  1.172760e+00 1.172760e+00 
1.343000e+01  0.000000e+00 0.000000e+00  1.022100e+01  9.216716e-01 9.216716e-01 
1.481500e+01  0.000000e+00 0.000000e+00  7.718000e+00  7.027273e-01 7.027273e-01 
1.633000e+01  0.000000e+00 0.000000e+00  6.095000e+00  5.613699e-01 5.613699e-01 
1.799000e+01  0.000000e+00 0.000000e+00  4.840000e+00  4.507534e-01 4.507534e-01 
1.981000e+01  0.000000e+00 0.000000e+00  3.805000e+00  3.591325e-01 3.591325e-01 
2.180500e+01  0.000000e+00 0.000000e+00  3.044000e+00  2.869333e-01 2.869333e-01 
2.400000e+01  0.000000e+00 0.000000e+00  2.307000e+00  2.220658e-01 2.220658e-01 
2.640500e+01  0.000000e+00 0.000000e+00  1.753000e+00  1.713678e-01 1.713678e-01 
2.904000e+01  0.000000e+00 0.000000e+00  1.445000e+00  1.428356e-01 1.428356e-01 
3.193000e+01  0.000000e+00 0.000000e+00  1.116000e+00  1.126770e-01 1.126770e-01 
3.509500e+01  0.000000e+00 0.000000e+00  7.870000e-01  8.176460e-02 8.176460e-02 
3.857000e+01  0.000000e+00 0.000000e+00  6.070000e-01  6.534830e-02 6.534830e-02 
4.238000e+01  0.000000e+00 0.000000e+00  4.600000e-01  5.080679e-02 5.080679e-02 
4.655500e+01  0.000000e+00 0.000000e+00  3.860000e-01  4.351391e-02 4.351391e-02 
