# Data from SSDC cosmic rays database www.ssdc.asi.it 
# File generated today 20260804 
# Errors may contain statistic and systematic depending on the options set when drawing the graph 
# Fluxes are multiplied by a power of Energy (or Rigidity) if the option is set when drawing the graph 
# Horizontal errors usually are not uncertanties of the measurement but correspond to binning. See publication. 
#
# GraphTitle: p PAMELA ApJL (2018) 
# XLabel: kinetic energy (GeV) 
# YLabel: flux ((m^{2} s sr GeV)^{-1}) 
#
# Columns: X, XErrorLow, XErrorHigh, Y, YErrorLow, YErrorHigh 
8.850000e-02  0.000000e+00 0.000000e+00  2.559740e+02  5.514521e+01 5.514521e+01 
1.000000e-01  0.000000e+00 0.000000e+00  3.016640e+02  6.784953e+01 6.784953e+01 
1.075000e-01  0.000000e+00 0.000000e+00  3.320360e+02  9.646975e+01 9.646975e+01 
1.150000e-01  0.000000e+00 0.000000e+00  3.645760e+02  7.576819e+01 7.576819e+01 
1.250000e-01  0.000000e+00 0.000000e+00  3.419640e+02  6.961980e+01 6.961980e+01 
1.400000e-01  0.000000e+00 0.000000e+00  4.101600e+02  6.267228e+01 6.267228e+01 
1.550000e-01  0.000000e+00 0.000000e+00  4.280010e+02  8.068814e+01 8.068814e+01 
1.650000e-01  0.000000e+00 0.000000e+00  3.697570e+02  7.243327e+01 7.243327e+01 
1.800000e-01  0.000000e+00 0.000000e+00  4.033420e+02  6.000010e+01 6.000010e+01 
1.999500e-01  0.000000e+00 0.000000e+00  4.059320e+02  6.000920e+01 6.000920e+01 
2.150000e-01  0.000000e+00 0.000000e+00  3.588240e+02  5.665013e+01 5.665013e+01 
2.300000e-01  0.000000e+00 0.000000e+00  4.771640e+02  5.715444e+01 5.715444e+01 
2.500000e-01  0.000000e+00 0.000000e+00  5.034260e+02  5.925201e+01 5.925201e+01 
2.750000e-01  0.000000e+00 0.000000e+00  4.434890e+02  4.884143e+01 4.884143e+01 
3.000000e-01  0.000000e+00 0.000000e+00  5.068710e+02  5.852573e+01 5.852573e+01 
3.250000e-01  0.000000e+00 0.000000e+00  5.026050e+02  5.361813e+01 5.361813e+01 
3.500000e-01  0.000000e+00 0.000000e+00  5.437200e+02  6.154220e+01 6.154220e+01 
3.750000e-01  0.000000e+00 0.000000e+00  5.600900e+02  5.863432e+01 5.863432e+01 
4.100000e-01  0.000000e+00 0.000000e+00  5.350720e+02  5.377335e+01 5.377335e+01 
4.450000e-01  0.000000e+00 0.000000e+00  5.560340e+02  5.795988e+01 5.795988e+01 
4.800000e-01  0.000000e+00 0.000000e+00  5.768440e+02  5.734239e+01 5.734239e+01 
5.200000e-01  0.000000e+00 0.000000e+00  5.732430e+02  5.693256e+01 5.693256e+01 
5.600000e-01  0.000000e+00 0.000000e+00  5.797550e+02  5.763703e+01 5.763703e+01 
6.000000e-01  0.000000e+00 0.000000e+00  5.866880e+02  5.829366e+01 5.829366e+01 
6.450000e-01  0.000000e+00 0.000000e+00  5.802530e+02  5.608786e+01 5.608786e+01 
6.950000e-01  0.000000e+00 0.000000e+00  5.839400e+02  5.624589e+01 5.624589e+01 
7.450000e-01  0.000000e+00 0.000000e+00  5.857190e+02  5.645436e+01 5.645436e+01 
8.000000e-01  0.000000e+00 0.000000e+00  5.675720e+02  5.380852e+01 5.380852e+01 
8.600000e-01  0.000000e+00 0.000000e+00  5.498200e+02  5.222274e+01 5.222274e+01 
9.250000e-01  0.000000e+00 0.000000e+00  5.813710e+02  5.426118e+01 5.426118e+01 
9.900000e-01  0.000000e+00 0.000000e+00  5.659570e+02  5.205824e+01 5.205824e+01 
1.055000e+00  0.000000e+00 0.000000e+00  5.169470e+02  4.726017e+01 4.726017e+01 
1.130000e+00  0.000000e+00 0.000000e+00  5.107990e+02  4.630983e+01 4.630983e+01 
1.210000e+00  0.000000e+00 0.000000e+00  4.902330e+02  4.466096e+01 4.466096e+01 
1.295000e+00  0.000000e+00 0.000000e+00  5.053240e+02  4.539447e+01 4.539447e+01 
1.380000e+00  0.000000e+00 0.000000e+00  4.571920e+02  4.180734e+01 4.180734e+01 
1.470000e+00  0.000000e+00 0.000000e+00  4.238910e+02  3.825858e+01 3.825858e+01 
1.570000e+00  0.000000e+00 0.000000e+00  4.052460e+02  3.683396e+01 3.683396e+01 
1.670000e+00  0.000000e+00 0.000000e+00  4.021370e+02  3.661924e+01 3.661924e+01 
1.775000e+00  0.000000e+00 0.000000e+00  3.947380e+02  3.574989e+01 3.574989e+01 
1.890000e+00  0.000000e+00 0.000000e+00  3.674940e+02  3.325589e+01 3.325589e+01 
2.010000e+00  0.000000e+00 0.000000e+00  3.407480e+02  3.103955e+01 3.103955e+01 
2.135000e+00  0.000000e+00 0.000000e+00  3.210570e+02  2.892667e+01 2.892667e+01 
2.265000e+00  0.000000e+00 0.000000e+00  2.868760e+02  2.602519e+01 2.602519e+01 
2.405000e+00  0.000000e+00 0.000000e+00  2.661940e+02  2.403828e+01 2.403828e+01 
2.550000e+00  0.000000e+00 0.000000e+00  2.638620e+02  2.394189e+01 2.394189e+01 
2.700000e+00  0.000000e+00 0.000000e+00  2.444430e+02  2.211530e+01 2.211530e+01 
2.860000e+00  0.000000e+00 0.000000e+00  2.212290e+02  2.012831e+01 2.012831e+01 
3.030000e+00  0.000000e+00 0.000000e+00  2.172360e+02  1.967376e+01 1.967376e+01 
3.210000e+00  0.000000e+00 0.000000e+00  1.920570e+02  1.752695e+01 1.752695e+01 
3.395000e+00  0.000000e+00 0.000000e+00  1.761430e+02  1.609690e+01 1.609690e+01 
3.590000e+00  0.000000e+00 0.000000e+00  1.586400e+02  1.457062e+01 1.457062e+01 
3.905000e+00  0.000000e+00 0.000000e+00  1.455260e+02  1.277176e+01 1.277176e+01 
4.355000e+00  0.000000e+00 0.000000e+00  1.164990e+02  1.030838e+01 1.030838e+01 
4.850000e+00  0.000000e+00 0.000000e+00  9.667000e+01  8.582610e+00 8.582610e+00 
5.395000e+00  0.000000e+00 0.000000e+00  8.133800e+01  7.254502e+00 7.254502e+00 
5.990000e+00  0.000000e+00 0.000000e+00  6.258900e+01  5.639304e+00 5.639304e+00 
6.645000e+00  0.000000e+00 0.000000e+00  5.428100e+01  4.907072e+00 4.907072e+00 
7.365000e+00  0.000000e+00 0.000000e+00  4.284800e+01  3.917580e+00 3.917580e+00 
8.155000e+00  0.000000e+00 0.000000e+00  3.140200e+01  2.914671e+00 2.914671e+00 
9.025000e+00  0.000000e+00 0.000000e+00  2.815600e+01  2.573615e+00 2.573615e+00 
9.980000e+00  0.000000e+00 0.000000e+00  2.029300e+01  1.883786e+00 1.883786e+00 
1.102500e+01  0.000000e+00 0.000000e+00  1.649200e+01  1.548077e+00 1.548077e+00 
1.217000e+01  0.000000e+00 0.000000e+00  1.425700e+01  1.344114e+00 1.344114e+00 
1.343000e+01  0.000000e+00 0.000000e+00  1.145700e+01  1.092765e+00 1.092765e+00 
1.481500e+01  0.000000e+00 0.000000e+00  7.969000e+00  7.824608e-01 7.824608e-01 
1.633000e+01  0.000000e+00 0.000000e+00  6.166000e+00  6.173154e-01 6.173154e-01 
1.799000e+01  0.000000e+00 0.000000e+00  5.176000e+00  5.213552e-01 5.213552e-01 
1.981000e+01  0.000000e+00 0.000000e+00  3.625000e+00  3.784978e-01 3.784978e-01 
2.180500e+01  0.000000e+00 0.000000e+00  3.093000e+00  3.197186e-01 3.197186e-01 
2.400000e+01  0.000000e+00 0.000000e+00  2.336000e+00  2.498641e-01 2.498641e-01 
2.640500e+01  0.000000e+00 0.000000e+00  1.788000e+00  1.969086e-01 1.969086e-01 
2.904000e+01  0.000000e+00 0.000000e+00  1.327000e+00  1.520777e-01 1.520777e-01 
3.193000e+01  0.000000e+00 0.000000e+00  1.170000e+00  1.337462e-01 1.337462e-01 
3.509500e+01  0.000000e+00 0.000000e+00  8.550000e-01  1.020251e-01 1.020251e-01 
3.857000e+01  0.000000e+00 0.000000e+00  6.130000e-01  7.821841e-02 7.821841e-02 
4.238000e+01  0.000000e+00 0.000000e+00  4.570000e-01  6.057665e-02 6.057665e-02 
4.655500e+01  0.000000e+00 0.000000e+00  3.810000e-01  5.210470e-02 5.210470e-02 
