# Data from SSDC cosmic rays database www.ssdc.asi.it 
# File generated today 20260804 
# Errors may contain statistic and systematic depending on the options set when drawing the graph 
# Fluxes are multiplied by a power of Energy (or Rigidity) if the option is set when drawing the graph 
# Horizontal errors usually are not uncertanties of the measurement but correspond to binning. See publication. 
#
# GraphTitle: p PAMELA ApJL (2018) 
# XLabel: kinetic energy (GeV) 
# YLabel: flux ((m^{2} s sr GeV)^{-1}) 
#
# Columns: X, XErrorLow, XErrorHigh, Y, YErrorLow, YErrorHigh 
8.850000e-02  0.000000e+00 0.000000e+00  2.885020e+02  4.907414e+01 4.907414e+01 
1.000000e-01  0.000000e+00 0.000000e+00  2.912080e+02  5.385499e+01 5.385499e+01 
1.075000e-01  0.000000e+00 0.000000e+00  3.414360e+02  7.728067e+01 7.728067e+01 
1.150000e-01  0.000000e+00 0.000000e+00  3.255890e+02  5.651389e+01 5.651389e+01 
1.250000e-01  0.000000e+00 0.000000e+00  4.541440e+02  6.740110e+01 6.740110e+01 
1.400000e-01  0.000000e+00 0.000000e+00  5.161570e+02  6.307005e+01 6.307005e+01 
1.550000e-01  0.000000e+00 0.000000e+00  5.186040e+02  7.604186e+01 7.604186e+01 
1.650000e-01  0.000000e+00 0.000000e+00  5.345140e+02  7.621905e+01 7.621905e+01 
1.800000e-01  0.000000e+00 0.000000e+00  5.979470e+02  6.910850e+01 6.910850e+01 
1.999500e-01  0.000000e+00 0.000000e+00  5.837090e+02  6.754304e+01 6.754304e+01 
2.150000e-01  0.000000e+00 0.000000e+00  5.756690e+02  6.825051e+01 6.825051e+01 
2.300000e-01  0.000000e+00 0.000000e+00  6.273240e+02  6.409732e+01 6.409732e+01 
2.500000e-01  0.000000e+00 0.000000e+00  6.646740e+02  6.723505e+01 6.723505e+01 
2.750000e-01  0.000000e+00 0.000000e+00  7.090900e+02  6.760473e+01 6.760473e+01 
3.000000e-01  0.000000e+00 0.000000e+00  7.545090e+02  7.450882e+01 7.450882e+01 
3.250000e-01  0.000000e+00 0.000000e+00  7.375190e+02  6.975954e+01 6.975954e+01 
3.500000e-01  0.000000e+00 0.000000e+00  7.194520e+02  7.151151e+01 7.151151e+01 
3.750000e-01  0.000000e+00 0.000000e+00  7.127920e+02  6.721114e+01 6.721114e+01 
4.100000e-01  0.000000e+00 0.000000e+00  7.348870e+02  6.721156e+01 6.721156e+01 
4.450000e-01  0.000000e+00 0.000000e+00  7.461990e+02  7.013592e+01 7.013592e+01 
4.800000e-01  0.000000e+00 0.000000e+00  7.918570e+02  7.214654e+01 7.214654e+01 
5.200000e-01  0.000000e+00 0.000000e+00  7.747030e+02  7.055502e+01 7.055502e+01 
5.600000e-01  0.000000e+00 0.000000e+00  7.652750e+02  6.984734e+01 6.984734e+01 
6.000000e-01  0.000000e+00 0.000000e+00  7.617930e+02  6.978031e+01 6.978031e+01 
6.450000e-01  0.000000e+00 0.000000e+00  7.483140e+02  6.736011e+01 6.736011e+01 
6.950000e-01  0.000000e+00 0.000000e+00  7.561360e+02  6.796719e+01 6.796719e+01 
7.450000e-01  0.000000e+00 0.000000e+00  7.237920e+02  6.539827e+01 6.539827e+01 
8.000000e-01  0.000000e+00 0.000000e+00  7.001130e+02  6.246934e+01 6.246934e+01 
8.600000e-01  0.000000e+00 0.000000e+00  7.393940e+02  6.600932e+01 6.600932e+01 
9.250000e-01  0.000000e+00 0.000000e+00  7.010830e+02  6.206139e+01 6.206139e+01 
9.900000e-01  0.000000e+00 0.000000e+00  6.397250e+02  5.659699e+01 5.659699e+01 
1.055000e+00  0.000000e+00 0.000000e+00  6.132700e+02  5.396134e+01 5.396134e+01 
1.130000e+00  0.000000e+00 0.000000e+00  5.928840e+02  5.184165e+01 5.184165e+01 
1.210000e+00  0.000000e+00 0.000000e+00  5.600960e+02  4.919101e+01 4.919101e+01 
1.295000e+00  0.000000e+00 0.000000e+00  5.524000e+02  4.822236e+01 4.822236e+01 
1.380000e+00  0.000000e+00 0.000000e+00  5.102840e+02  4.502203e+01 4.502203e+01 
1.470000e+00  0.000000e+00 0.000000e+00  4.940270e+02  4.313001e+01 4.313001e+01 
1.570000e+00  0.000000e+00 0.000000e+00  4.726250e+02  4.138510e+01 4.138510e+01 
1.670000e+00  0.000000e+00 0.000000e+00  4.478600e+02  3.934021e+01 3.934021e+01 
1.775000e+00  0.000000e+00 0.000000e+00  4.100110e+02  3.598874e+01 3.598874e+01 
1.890000e+00  0.000000e+00 0.000000e+00  3.819130e+02  3.349783e+01 3.349783e+01 
2.010000e+00  0.000000e+00 0.000000e+00  3.636240e+02  3.196353e+01 3.196353e+01 
2.135000e+00  0.000000e+00 0.000000e+00  3.396800e+02  2.966582e+01 2.966582e+01 
2.265000e+00  0.000000e+00 0.000000e+00  2.965840e+02  2.608186e+01 2.608186e+01 
2.405000e+00  0.000000e+00 0.000000e+00  3.007960e+02  2.625308e+01 2.625308e+01 
2.550000e+00  0.000000e+00 0.000000e+00  2.800180e+02  2.461651e+01 2.461651e+01 
2.700000e+00  0.000000e+00 0.000000e+00  2.590830e+02  2.274171e+01 2.274171e+01 
2.860000e+00  0.000000e+00 0.000000e+00  2.305540e+02  2.031475e+01 2.031475e+01 
3.030000e+00  0.000000e+00 0.000000e+00  2.080150e+02  1.832082e+01 1.832082e+01 
3.210000e+00  0.000000e+00 0.000000e+00  1.937390e+02  1.714512e+01 1.714512e+01 
3.395000e+00  0.000000e+00 0.000000e+00  1.781640e+02  1.578101e+01 1.578101e+01 
3.590000e+00  0.000000e+00 0.000000e+00  1.730940e+02  1.536088e+01 1.536088e+01 
3.905000e+00  0.000000e+00 0.000000e+00  1.386270e+02  1.192806e+01 1.192806e+01 
4.355000e+00  0.000000e+00 0.000000e+00  1.187040e+02  1.024282e+01 1.024282e+01 
4.850000e+00  0.000000e+00 0.000000e+00  9.746900e+01  8.438749e+00 8.438749e+00 
5.395000e+00  0.000000e+00 0.000000e+00  8.073500e+01  7.026072e+00 7.026072e+00 
5.990000e+00  0.000000e+00 0.000000e+00  6.594700e+01  5.774835e+00 5.774835e+00 
6.645000e+00  0.000000e+00 0.000000e+00  4.976600e+01  4.387327e+00 4.387327e+00 
7.365000e+00  0.000000e+00 0.000000e+00  4.094400e+01  3.631128e+00 3.631128e+00 
8.155000e+00  0.000000e+00 0.000000e+00  3.296100e+01  2.943092e+00 2.943092e+00 
9.025000e+00  0.000000e+00 0.000000e+00  2.603500e+01  2.317382e+00 2.317382e+00 
9.980000e+00  0.000000e+00 0.000000e+00  2.122100e+01  1.902083e+00 1.902083e+00 
1.102500e+01  0.000000e+00 0.000000e+00  1.736800e+01  1.568317e+00 1.568317e+00 
1.217000e+01  0.000000e+00 0.000000e+00  1.332400e+01  1.214027e+00 1.214027e+00 
1.343000e+01  0.000000e+00 0.000000e+00  1.004300e+01  9.278296e-01 9.278296e-01 
1.481500e+01  0.000000e+00 0.000000e+00  7.576000e+00  7.090597e-01 7.090597e-01 
1.633000e+01  0.000000e+00 0.000000e+00  6.256000e+00  5.904075e-01 5.904075e-01 
1.799000e+01  0.000000e+00 0.000000e+00  5.035000e+00  4.821731e-01 4.821731e-01 
1.981000e+01  0.000000e+00 0.000000e+00  3.863000e+00  3.769441e-01 3.769441e-01 
2.180500e+01  0.000000e+00 0.000000e+00  2.914000e+00  2.849354e-01 2.849354e-01 
2.400000e+01  0.000000e+00 0.000000e+00  2.163000e+00  2.176733e-01 2.176733e-01 
2.640500e+01  0.000000e+00 0.000000e+00  1.794000e+00  1.813705e-01 1.813705e-01 
2.904000e+01  0.000000e+00 0.000000e+00  1.438000e+00  1.492160e-01 1.492160e-01 
3.193000e+01  0.000000e+00 0.000000e+00  1.108000e+00  1.177296e-01 1.177296e-01 
3.509500e+01  0.000000e+00 0.000000e+00  7.960000e-01  8.805799e-02 8.805799e-02 
3.857000e+01  0.000000e+00 0.000000e+00  6.360000e-01  7.236270e-02 7.236270e-02 
4.238000e+01  0.000000e+00 0.000000e+00  4.810000e-01  5.614054e-02 5.614054e-02 
4.655500e+01  0.000000e+00 0.000000e+00  3.510000e-01  4.308132e-02 4.308132e-02 
