# Data from SSDC cosmic rays database www.ssdc.asi.it 
# File generated today 20260804 
# Errors may contain statistic and systematic depending on the options set when drawing the graph 
# Fluxes are multiplied by a power of Energy (or Rigidity) if the option is set when drawing the graph 
# Horizontal errors usually are not uncertanties of the measurement but correspond to binning. See publication. 
#
# GraphTitle: p PAMELA ApJL (2018) 
# XLabel: kinetic energy (GeV) 
# YLabel: flux ((m^{2} s sr GeV)^{-1}) 
#
# Columns: X, XErrorLow, XErrorHigh, Y, YErrorLow, YErrorHigh 
8.850000e-02  0.000000e+00 0.000000e+00  1.158610e+03  1.270392e+02 1.270392e+02 
1.000000e-01  0.000000e+00 0.000000e+00  1.136990e+03  1.312197e+02 1.312197e+02 
1.075000e-01  0.000000e+00 0.000000e+00  1.206090e+03  1.598562e+02 1.598562e+02 
1.150000e-01  0.000000e+00 0.000000e+00  1.181160e+03  1.329327e+02 1.329327e+02 
1.250000e-01  0.000000e+00 0.000000e+00  1.303040e+03  1.327007e+02 1.327007e+02 
1.400000e-01  0.000000e+00 0.000000e+00  1.343180e+03  1.309990e+02 1.309990e+02 
1.550000e-01  0.000000e+00 0.000000e+00  1.399190e+03  1.501318e+02 1.501318e+02 
1.650000e-01  0.000000e+00 0.000000e+00  1.468270e+03  1.554740e+02 1.554740e+02 
1.800000e-01  0.000000e+00 0.000000e+00  1.452480e+03  1.390705e+02 1.390705e+02 
1.999500e-01  0.000000e+00 0.000000e+00  1.634610e+03  1.539342e+02 1.539342e+02 
2.150000e-01  0.000000e+00 0.000000e+00  1.598400e+03  1.549689e+02 1.549689e+02 
2.300000e-01  0.000000e+00 0.000000e+00  1.666030e+03  1.502860e+02 1.502860e+02 
2.500000e-01  0.000000e+00 0.000000e+00  1.632220e+03  1.472810e+02 1.472810e+02 
2.750000e-01  0.000000e+00 0.000000e+00  1.663650e+03  1.458130e+02 1.458130e+02 
3.000000e-01  0.000000e+00 0.000000e+00  1.758450e+03  1.575543e+02 1.575543e+02 
3.250000e-01  0.000000e+00 0.000000e+00  1.775830e+03  1.550494e+02 1.550494e+02 
3.500000e-01  0.000000e+00 0.000000e+00  1.750720e+03  1.563714e+02 1.563714e+02 
3.750000e-01  0.000000e+00 0.000000e+00  1.784820e+03  1.556076e+02 1.556076e+02 
4.100000e-01  0.000000e+00 0.000000e+00  1.738840e+03  1.496907e+02 1.496907e+02 
4.450000e-01  0.000000e+00 0.000000e+00  1.691170e+03  1.476206e+02 1.476206e+02 
4.800000e-01  0.000000e+00 0.000000e+00  1.655310e+03  1.425231e+02 1.425231e+02 
5.200000e-01  0.000000e+00 0.000000e+00  1.680370e+03  1.446462e+02 1.446462e+02 
5.600000e-01  0.000000e+00 0.000000e+00  1.635870e+03  1.409914e+02 1.409914e+02 
6.000000e-01  0.000000e+00 0.000000e+00  1.533630e+03  1.323302e+02 1.323302e+02 
6.450000e-01  0.000000e+00 0.000000e+00  1.512070e+03  1.294564e+02 1.294564e+02 
6.950000e-01  0.000000e+00 0.000000e+00  1.465900e+03  1.256756e+02 1.256756e+02 
7.450000e-01  0.000000e+00 0.000000e+00  1.375920e+03  1.183414e+02 1.183414e+02 
8.000000e-01  0.000000e+00 0.000000e+00  1.304270e+03  1.115138e+02 1.115138e+02 
8.600000e-01  0.000000e+00 0.000000e+00  1.290690e+03  1.103933e+02 1.103933e+02 
9.250000e-01  0.000000e+00 0.000000e+00  1.171650e+03  1.000146e+02 1.000146e+02 
9.900000e-01  0.000000e+00 0.000000e+00  1.105000e+03  9.436033e+01 9.436033e+01 
1.055000e+00  0.000000e+00 0.000000e+00  1.050470e+03  8.933047e+01 8.933047e+01 
1.130000e+00  0.000000e+00 0.000000e+00  9.808390e+02  8.328626e+01 8.328626e+01 
1.210000e+00  0.000000e+00 0.000000e+00  9.410620e+02  8.000250e+01 8.000250e+01 
1.295000e+00  0.000000e+00 0.000000e+00  8.641480e+02  7.334576e+01 7.334576e+01 
1.380000e+00  0.000000e+00 0.000000e+00  8.148090e+02  6.968270e+01 6.968270e+01 
1.470000e+00  0.000000e+00 0.000000e+00  7.681650e+02  6.524101e+01 6.524101e+01 
1.570000e+00  0.000000e+00 0.000000e+00  6.999340e+02  5.963993e+01 5.963993e+01 
1.670000e+00  0.000000e+00 0.000000e+00  6.704160e+02  5.721669e+01 5.721669e+01 
1.775000e+00  0.000000e+00 0.000000e+00  5.887900e+02  5.032383e+01 5.032383e+01 
1.890000e+00  0.000000e+00 0.000000e+00  5.474510e+02  4.678204e+01 4.678204e+01 
2.010000e+00  0.000000e+00 0.000000e+00  5.095030e+02  4.365877e+01 4.365877e+01 
2.135000e+00  0.000000e+00 0.000000e+00  4.707200e+02  4.018719e+01 4.018719e+01 
2.265000e+00  0.000000e+00 0.000000e+00  4.273290e+02  3.662846e+01 3.662846e+01 
2.405000e+00  0.000000e+00 0.000000e+00  3.944510e+02  3.371790e+01 3.371790e+01 
2.550000e+00  0.000000e+00 0.000000e+00  3.577100e+02  3.079872e+01 3.079872e+01 
2.700000e+00  0.000000e+00 0.000000e+00  3.227800e+02  2.775125e+01 2.775125e+01 
2.860000e+00  0.000000e+00 0.000000e+00  3.018630e+02  2.602825e+01 2.602825e+01 
3.030000e+00  0.000000e+00 0.000000e+00  2.637950e+02  2.274683e+01 2.274683e+01 
3.210000e+00  0.000000e+00 0.000000e+00  2.445900e+02  2.116305e+01 2.116305e+01 
3.395000e+00  0.000000e+00 0.000000e+00  2.172560e+02  1.882877e+01 1.882877e+01 
3.590000e+00  0.000000e+00 0.000000e+00  1.991640e+02  1.729313e+01 1.729313e+01 
3.905000e+00  0.000000e+00 0.000000e+00  1.675560e+02  1.420359e+01 1.420359e+01 
4.355000e+00  0.000000e+00 0.000000e+00  1.375650e+02  1.170065e+01 1.170065e+01 
4.850000e+00  0.000000e+00 0.000000e+00  1.139810e+02  9.727823e+00 9.727823e+00 
5.395000e+00  0.000000e+00 0.000000e+00  8.863400e+01  7.609931e+00 7.609931e+00 
5.990000e+00  0.000000e+00 0.000000e+00  7.147200e+01  6.159942e+00 6.159942e+00 
6.645000e+00  0.000000e+00 0.000000e+00  5.450500e+01  4.730000e+00 4.730000e+00 
7.365000e+00  0.000000e+00 0.000000e+00  4.554300e+01  3.966532e+00 3.966532e+00 
8.155000e+00  0.000000e+00 0.000000e+00  3.613100e+01  3.167919e+00 3.167919e+00 
9.025000e+00  0.000000e+00 0.000000e+00  2.811200e+01  2.458417e+00 2.458417e+00 
9.980000e+00  0.000000e+00 0.000000e+00  2.311600e+01  2.034316e+00 2.034316e+00 
1.102500e+01  0.000000e+00 0.000000e+00  1.788800e+01  1.587826e+00 1.587826e+00 
1.217000e+01  0.000000e+00 0.000000e+00  1.322500e+01  1.187117e+00 1.187117e+00 
1.343000e+01  0.000000e+00 0.000000e+00  1.152500e+01  1.037601e+00 1.037601e+00 
1.481500e+01  0.000000e+00 0.000000e+00  8.223000e+00  7.510164e-01 7.510164e-01 
1.633000e+01  0.000000e+00 0.000000e+00  6.645000e+00  6.125649e-01 6.125649e-01 
1.799000e+01  0.000000e+00 0.000000e+00  4.882000e+00  4.570543e-01 4.570543e-01 
1.981000e+01  0.000000e+00 0.000000e+00  3.710000e+00  3.531648e-01 3.531648e-01 
2.180500e+01  0.000000e+00 0.000000e+00  3.029000e+00  2.870321e-01 2.870321e-01 
2.400000e+01  0.000000e+00 0.000000e+00  2.415000e+00  2.329557e-01 2.329557e-01 
2.640500e+01  0.000000e+00 0.000000e+00  1.942000e+00  1.899912e-01 1.899912e-01 
2.904000e+01  0.000000e+00 0.000000e+00  1.465000e+00  1.466681e-01 1.466681e-01 
3.193000e+01  0.000000e+00 0.000000e+00  1.114000e+00  1.148350e-01 1.148350e-01 
3.509500e+01  0.000000e+00 0.000000e+00  7.560000e-01  8.092391e-02 8.092391e-02 
3.857000e+01  0.000000e+00 0.000000e+00  6.270000e-01  6.827188e-02 6.827188e-02 
4.238000e+01  0.000000e+00 0.000000e+00  5.260000e-01  5.787443e-02 5.787443e-02 
4.655500e+01  0.000000e+00 0.000000e+00  3.400000e-01  3.975487e-02 3.975487e-02 
