# Data from SSDC cosmic rays database www.ssdc.asi.it 
# File generated today 20260804 
# Errors may contain statistic and systematic depending on the options set when drawing the graph 
# Fluxes are multiplied by a power of Energy (or Rigidity) if the option is set when drawing the graph 
# Horizontal errors usually are not uncertanties of the measurement but correspond to binning. See publication. 
#
# GraphTitle: p PAMELA ApJL (2018) 
# XLabel: kinetic energy (GeV) 
# YLabel: flux ((m^{2} s sr GeV)^{-1}) 
#
# Columns: X, XErrorLow, XErrorHigh, Y, YErrorLow, YErrorHigh 
8.850000e-02  0.000000e+00 0.000000e+00  3.928480e+02  7.138927e+01 7.138927e+01 
1.000000e-01  0.000000e+00 0.000000e+00  4.470550e+02  8.370113e+01 8.370113e+01 
1.075000e-01  0.000000e+00 0.000000e+00  3.769090e+02  9.685370e+01 9.685370e+01 
1.150000e-01  0.000000e+00 0.000000e+00  4.609430e+02  8.308784e+01 8.308784e+01 
1.250000e-01  0.000000e+00 0.000000e+00  5.155820e+02  8.456279e+01 8.456279e+01 
1.400000e-01  0.000000e+00 0.000000e+00  5.279540e+02  7.083260e+01 7.083260e+01 
1.550000e-01  0.000000e+00 0.000000e+00  5.259290e+02  8.699909e+01 8.699909e+01 
1.650000e-01  0.000000e+00 0.000000e+00  7.035730e+02  1.059821e+02 1.059821e+02 
1.800000e-01  0.000000e+00 0.000000e+00  6.387930e+02  8.020207e+01 8.020207e+01 
1.999500e-01  0.000000e+00 0.000000e+00  6.682400e+02  8.263346e+01 8.263346e+01 
2.150000e-01  0.000000e+00 0.000000e+00  7.347530e+02  9.059688e+01 9.059688e+01 
2.300000e-01  0.000000e+00 0.000000e+00  7.005050e+02  7.618891e+01 7.618891e+01 
2.500000e-01  0.000000e+00 0.000000e+00  7.153440e+02  7.661725e+01 7.661725e+01 
2.750000e-01  0.000000e+00 0.000000e+00  7.472090e+02  7.422232e+01 7.422232e+01 
3.000000e-01  0.000000e+00 0.000000e+00  8.448680e+02  8.743283e+01 8.743283e+01 
3.250000e-01  0.000000e+00 0.000000e+00  8.341160e+02  8.149910e+01 8.149910e+01 
3.500000e-01  0.000000e+00 0.000000e+00  8.656300e+02  8.897880e+01 8.897880e+01 
3.750000e-01  0.000000e+00 0.000000e+00  8.624760e+02  8.348946e+01 8.348946e+01 
4.100000e-01  0.000000e+00 0.000000e+00  8.851860e+02  8.306109e+01 8.306109e+01 
4.450000e-01  0.000000e+00 0.000000e+00  8.695170e+02  8.422858e+01 8.422858e+01 
4.800000e-01  0.000000e+00 0.000000e+00  8.673590e+02  8.135785e+01 8.135785e+01 
5.200000e-01  0.000000e+00 0.000000e+00  8.652950e+02  8.111182e+01 8.111182e+01 
5.600000e-01  0.000000e+00 0.000000e+00  8.809510e+02  8.222751e+01 8.222751e+01 
6.000000e-01  0.000000e+00 0.000000e+00  9.353110e+02  8.695687e+01 8.695687e+01 
6.450000e-01  0.000000e+00 0.000000e+00  8.508400e+02  7.815336e+01 7.815336e+01 
6.950000e-01  0.000000e+00 0.000000e+00  8.620570e+02  7.926644e+01 7.926644e+01 
7.450000e-01  0.000000e+00 0.000000e+00  8.174440e+02  7.543068e+01 7.543068e+01 
8.000000e-01  0.000000e+00 0.000000e+00  7.931680e+02  7.217203e+01 7.217203e+01 
8.600000e-01  0.000000e+00 0.000000e+00  8.135480e+02  7.397953e+01 7.397953e+01 
9.250000e-01  0.000000e+00 0.000000e+00  7.680900e+02  6.929362e+01 6.929362e+01 
9.900000e-01  0.000000e+00 0.000000e+00  7.553180e+02  6.774157e+01 6.774157e+01 
1.055000e+00  0.000000e+00 0.000000e+00  6.959030e+02  6.195267e+01 6.195267e+01 
1.130000e+00  0.000000e+00 0.000000e+00  6.846000e+02  6.059437e+01 6.059437e+01 
1.210000e+00  0.000000e+00 0.000000e+00  6.696570e+02  5.934814e+01 5.934814e+01 
1.295000e+00  0.000000e+00 0.000000e+00  6.256550e+02  5.531995e+01 5.531995e+01 
1.380000e+00  0.000000e+00 0.000000e+00  5.894000e+02  5.277450e+01 5.277450e+01 
1.470000e+00  0.000000e+00 0.000000e+00  5.360470e+02  4.755712e+01 4.755712e+01 
1.570000e+00  0.000000e+00 0.000000e+00  5.226100e+02  4.647245e+01 4.647245e+01 
1.670000e+00  0.000000e+00 0.000000e+00  4.958790e+02  4.428412e+01 4.428412e+01 
1.775000e+00  0.000000e+00 0.000000e+00  4.581080e+02  4.082909e+01 4.082909e+01 
1.890000e+00  0.000000e+00 0.000000e+00  4.342540e+02  3.869137e+01 3.869137e+01 
2.010000e+00  0.000000e+00 0.000000e+00  4.178730e+02  3.730220e+01 3.730220e+01 
2.135000e+00  0.000000e+00 0.000000e+00  3.703500e+02  3.290843e+01 3.290843e+01 
2.265000e+00  0.000000e+00 0.000000e+00  3.360110e+02  3.001583e+01 3.001583e+01 
2.405000e+00  0.000000e+00 0.000000e+00  3.302020e+02  2.929789e+01 2.929789e+01 
2.550000e+00  0.000000e+00 0.000000e+00  3.102780e+02  2.777330e+01 2.777330e+01 
2.700000e+00  0.000000e+00 0.000000e+00  2.594070e+02  2.326287e+01 2.326287e+01 
2.860000e+00  0.000000e+00 0.000000e+00  2.550180e+02  2.288576e+01 2.288576e+01 
3.030000e+00  0.000000e+00 0.000000e+00  2.434800e+02  2.176906e+01 2.176906e+01 
3.210000e+00  0.000000e+00 0.000000e+00  2.122160e+02  1.914918e+01 1.914918e+01 
3.395000e+00  0.000000e+00 0.000000e+00  1.895130e+02  1.716565e+01 1.716565e+01 
3.590000e+00  0.000000e+00 0.000000e+00  1.768810e+02  1.605773e+01 1.605773e+01 
3.905000e+00  0.000000e+00 0.000000e+00  1.534680e+02  1.339108e+01 1.339108e+01 
4.355000e+00  0.000000e+00 0.000000e+00  1.257030e+02  1.102834e+01 1.102834e+01 
4.850000e+00  0.000000e+00 0.000000e+00  9.995400e+01  8.820116e+00 8.820116e+00 
5.395000e+00  0.000000e+00 0.000000e+00  8.681000e+01  7.698009e+00 7.698009e+00 
5.990000e+00  0.000000e+00 0.000000e+00  6.717100e+01  6.005093e+00 6.005093e+00 
6.645000e+00  0.000000e+00 0.000000e+00  5.271700e+01  4.750375e+00 4.750375e+00 
7.365000e+00  0.000000e+00 0.000000e+00  4.264300e+01  3.869701e+00 3.869701e+00 
8.155000e+00  0.000000e+00 0.000000e+00  3.423200e+01  3.139485e+00 3.139485e+00 
9.025000e+00  0.000000e+00 0.000000e+00  2.778600e+01  2.533938e+00 2.533938e+00 
9.980000e+00  0.000000e+00 0.000000e+00  2.185500e+01  2.005126e+00 2.005126e+00 
1.102500e+01  0.000000e+00 0.000000e+00  1.694700e+01  1.578623e+00 1.578623e+00 
1.217000e+01  0.000000e+00 0.000000e+00  1.384300e+01  1.303538e+00 1.303538e+00 
1.343000e+01  0.000000e+00 0.000000e+00  1.077100e+01  1.027693e+00 1.027693e+00 
1.481500e+01  0.000000e+00 0.000000e+00  8.501000e+00  8.211317e-01 8.211317e-01 
1.633000e+01  0.000000e+00 0.000000e+00  6.336000e+00  6.263320e-01 6.263320e-01 
1.799000e+01  0.000000e+00 0.000000e+00  5.081000e+00  5.090682e-01 5.090682e-01 
1.981000e+01  0.000000e+00 0.000000e+00  3.797000e+00  3.915959e-01 3.915959e-01 
2.180500e+01  0.000000e+00 0.000000e+00  3.110000e+00  3.176106e-01 3.176106e-01 
2.400000e+01  0.000000e+00 0.000000e+00  2.255000e+00  2.375064e-01 2.375064e-01 
2.640500e+01  0.000000e+00 0.000000e+00  1.721000e+00  1.880203e-01 1.880203e-01 
2.904000e+01  0.000000e+00 0.000000e+00  1.494000e+00  1.640830e-01 1.640830e-01 
3.193000e+01  0.000000e+00 0.000000e+00  1.161000e+00  1.305063e-01 1.305063e-01 
3.509500e+01  0.000000e+00 0.000000e+00  8.190000e-01  9.801740e-02 9.801740e-02 
3.857000e+01  0.000000e+00 0.000000e+00  5.930000e-01  7.419825e-02 7.419825e-02 
4.238000e+01  0.000000e+00 0.000000e+00  4.630000e-01  6.035603e-02 6.035603e-02 
4.655500e+01  0.000000e+00 0.000000e+00  3.570000e-01  4.860504e-02 4.860504e-02 
