# Data from SSDC cosmic rays database www.ssdc.asi.it 
# File generated today 20260804 
# Errors may contain statistic and systematic depending on the options set when drawing the graph 
# Fluxes are multiplied by a power of Energy (or Rigidity) if the option is set when drawing the graph 
# Horizontal errors usually are not uncertanties of the measurement but correspond to binning. See publication. 
#
# GraphTitle: p PAMELA ApJL (2018) 
# XLabel: kinetic energy (GeV) 
# YLabel: flux ((m^{2} s sr GeV)^{-1}) 
#
# Columns: X, XErrorLow, XErrorHigh, Y, YErrorLow, YErrorHigh 
8.850000e-02  0.000000e+00 0.000000e+00  6.592960e+02  8.367254e+01 8.367254e+01 
1.000000e-01  0.000000e+00 0.000000e+00  7.101810e+02  9.471319e+01 9.471319e+01 
1.075000e-01  0.000000e+00 0.000000e+00  6.231550e+02  1.059616e+02 1.059616e+02 
1.150000e-01  0.000000e+00 0.000000e+00  7.271800e+02  9.450856e+01 9.450856e+01 
1.250000e-01  0.000000e+00 0.000000e+00  7.390750e+02  8.892981e+01 8.892981e+01 
1.400000e-01  0.000000e+00 0.000000e+00  8.685350e+02  9.203428e+01 9.203428e+01 
1.550000e-01  0.000000e+00 0.000000e+00  9.904580e+02  1.165379e+02 1.165379e+02 
1.650000e-01  0.000000e+00 0.000000e+00  9.459020e+02  1.118877e+02 1.118877e+02 
1.800000e-01  0.000000e+00 0.000000e+00  9.875280e+02  1.009682e+02 1.009682e+02 
1.999500e-01  0.000000e+00 0.000000e+00  1.052140e+03  1.059301e+02 1.059301e+02 
2.150000e-01  0.000000e+00 0.000000e+00  1.125790e+03  1.153246e+02 1.153246e+02 
2.300000e-01  0.000000e+00 0.000000e+00  1.104630e+03  1.042690e+02 1.042690e+02 
2.500000e-01  0.000000e+00 0.000000e+00  1.174850e+03  1.100021e+02 1.100021e+02 
2.750000e-01  0.000000e+00 0.000000e+00  1.190910e+03  1.071344e+02 1.071344e+02 
3.000000e-01  0.000000e+00 0.000000e+00  1.233110e+03  1.142295e+02 1.142295e+02 
3.250000e-01  0.000000e+00 0.000000e+00  1.248990e+03  1.117836e+02 1.117836e+02 
3.500000e-01  0.000000e+00 0.000000e+00  1.242860e+03  1.149734e+02 1.149734e+02 
3.750000e-01  0.000000e+00 0.000000e+00  1.268990e+03  1.135671e+02 1.135671e+02 
4.100000e-01  0.000000e+00 0.000000e+00  1.247860e+03  1.093649e+02 1.093649e+02 
4.450000e-01  0.000000e+00 0.000000e+00  1.248850e+03  1.115591e+02 1.115591e+02 
4.800000e-01  0.000000e+00 0.000000e+00  1.276490e+03  1.117487e+02 1.117487e+02 
5.200000e-01  0.000000e+00 0.000000e+00  1.264270e+03  1.104890e+02 1.104890e+02 
5.600000e-01  0.000000e+00 0.000000e+00  1.186430e+03  1.042313e+02 1.042313e+02 
6.000000e-01  0.000000e+00 0.000000e+00  1.206850e+03  1.058068e+02 1.058068e+02 
6.450000e-01  0.000000e+00 0.000000e+00  1.156150e+03  1.003704e+02 1.003704e+02 
6.950000e-01  0.000000e+00 0.000000e+00  1.111800e+03  9.676132e+01 9.676132e+01 
7.450000e-01  0.000000e+00 0.000000e+00  1.074350e+03  9.367615e+01 9.367615e+01 
8.000000e-01  0.000000e+00 0.000000e+00  1.059160e+03  9.155761e+01 9.155761e+01 
8.600000e-01  0.000000e+00 0.000000e+00  1.021460e+03  8.851540e+01 8.851540e+01 
9.250000e-01  0.000000e+00 0.000000e+00  9.778730e+02  8.433630e+01 8.433630e+01 
9.900000e-01  0.000000e+00 0.000000e+00  9.348340e+02  8.053039e+01 8.053039e+01 
1.055000e+00  0.000000e+00 0.000000e+00  8.947610e+02  7.673828e+01 7.673828e+01 
1.130000e+00  0.000000e+00 0.000000e+00  8.737580e+02  7.468085e+01 7.468085e+01 
1.210000e+00  0.000000e+00 0.000000e+00  7.813810e+02  6.705884e+01 6.705884e+01 
1.295000e+00  0.000000e+00 0.000000e+00  7.490870e+02  6.411997e+01 6.411997e+01 
1.380000e+00  0.000000e+00 0.000000e+00  7.011800e+02  6.044784e+01 6.044784e+01 
1.470000e+00  0.000000e+00 0.000000e+00  6.642240e+02  5.688216e+01 5.688216e+01 
1.570000e+00  0.000000e+00 0.000000e+00  6.108080e+02  5.247398e+01 5.247398e+01 
1.670000e+00  0.000000e+00 0.000000e+00  5.740080e+02  4.941368e+01 4.941368e+01 
1.775000e+00  0.000000e+00 0.000000e+00  5.391650e+02  4.642461e+01 4.642461e+01 
1.890000e+00  0.000000e+00 0.000000e+00  4.965190e+02  4.274137e+01 4.274137e+01 
2.010000e+00  0.000000e+00 0.000000e+00  4.493270e+02  3.882544e+01 3.882544e+01 
2.135000e+00  0.000000e+00 0.000000e+00  4.228150e+02  3.637402e+01 3.637402e+01 
2.265000e+00  0.000000e+00 0.000000e+00  3.830520e+02  3.309836e+01 3.309836e+01 
2.405000e+00  0.000000e+00 0.000000e+00  3.580650e+02  3.083357e+01 3.083357e+01 
2.550000e+00  0.000000e+00 0.000000e+00  3.253730e+02  2.821639e+01 2.821639e+01 
2.700000e+00  0.000000e+00 0.000000e+00  3.005140e+02  2.598760e+01 2.598760e+01 
2.860000e+00  0.000000e+00 0.000000e+00  2.747560e+02  2.386824e+01 2.386824e+01 
3.030000e+00  0.000000e+00 0.000000e+00  2.516560e+02  2.182810e+01 2.182810e+01 
3.210000e+00  0.000000e+00 0.000000e+00  2.279890e+02  1.987321e+01 1.987321e+01 
3.395000e+00  0.000000e+00 0.000000e+00  2.073100e+02  1.810307e+01 1.810307e+01 
3.590000e+00  0.000000e+00 0.000000e+00  1.878610e+02  1.643223e+01 1.643223e+01 
3.905000e+00  0.000000e+00 0.000000e+00  1.622750e+02  1.382625e+01 1.382625e+01 
4.355000e+00  0.000000e+00 0.000000e+00  1.288690e+02  1.103566e+01 1.103566e+01 
4.850000e+00  0.000000e+00 0.000000e+00  1.083010e+02  9.293031e+00 9.293031e+00 
5.395000e+00  0.000000e+00 0.000000e+00  9.027300e+01  7.778495e+00 7.778495e+00 
5.990000e+00  0.000000e+00 0.000000e+00  7.014200e+01  6.081144e+00 6.081144e+00 
6.645000e+00  0.000000e+00 0.000000e+00  5.566500e+01  4.849913e+00 4.849913e+00 
7.365000e+00  0.000000e+00 0.000000e+00  4.196800e+01  3.685610e+00 3.685610e+00 
8.155000e+00  0.000000e+00 0.000000e+00  3.572900e+01  3.149055e+00 3.149055e+00 
9.025000e+00  0.000000e+00 0.000000e+00  2.810100e+01  2.469438e+00 2.469438e+00 
9.980000e+00  0.000000e+00 0.000000e+00  2.131600e+01  1.891882e+00 1.891882e+00 
1.102500e+01  0.000000e+00 0.000000e+00  1.734600e+01  1.550863e+00 1.550863e+00 
1.217000e+01  0.000000e+00 0.000000e+00  1.338700e+01  1.209724e+00 1.209724e+00 
1.343000e+01  0.000000e+00 0.000000e+00  1.062100e+01  9.680686e-01 9.680686e-01 
1.481500e+01  0.000000e+00 0.000000e+00  8.613000e+00  7.906946e-01 7.906946e-01 
1.633000e+01  0.000000e+00 0.000000e+00  6.786000e+00  6.301452e-01 6.301452e-01 
1.799000e+01  0.000000e+00 0.000000e+00  4.846000e+00  4.588518e-01 4.588518e-01 
1.981000e+01  0.000000e+00 0.000000e+00  4.003000e+00  3.839758e-01 3.839758e-01 
2.180500e+01  0.000000e+00 0.000000e+00  3.090000e+00  2.965094e-01 2.965094e-01 
2.400000e+01  0.000000e+00 0.000000e+00  2.346000e+00  2.292686e-01 2.292686e-01 
2.640500e+01  0.000000e+00 0.000000e+00  1.693000e+00  1.700377e-01 1.700377e-01 
2.904000e+01  0.000000e+00 0.000000e+00  1.473000e+00  1.492780e-01 1.492780e-01 
3.193000e+01  0.000000e+00 0.000000e+00  1.164000e+00  1.200561e-01 1.200561e-01 
3.509500e+01  0.000000e+00 0.000000e+00  8.540000e-01  9.099610e-02 9.099610e-02 
3.857000e+01  0.000000e+00 0.000000e+00  6.260000e-01  6.990465e-02 6.990465e-02 
4.238000e+01  0.000000e+00 0.000000e+00  4.620000e-01  5.354718e-02 5.354718e-02 
4.655500e+01  0.000000e+00 0.000000e+00  3.830000e-01  4.459204e-02 4.459204e-02 
