# Data from SSDC cosmic rays database www.ssdc.asi.it 
# File generated today 20260804 
# Errors may contain statistic and systematic depending on the options set when drawing the graph 
# Fluxes are multiplied by a power of Energy (or Rigidity) if the option is set when drawing the graph 
# Horizontal errors usually are not uncertanties of the measurement but correspond to binning. See publication. 
#
# GraphTitle: p PAMELA ApJL (2018) 
# XLabel: kinetic energy (GeV) 
# YLabel: flux ((m^{2} s sr GeV)^{-1}) 
#
# Columns: X, XErrorLow, XErrorHigh, Y, YErrorLow, YErrorHigh 
8.850000e-02  0.000000e+00 0.000000e+00  8.106460e+02  1.027194e+02 1.027194e+02 
1.000000e-01  0.000000e+00 0.000000e+00  8.296590e+02  1.111336e+02 1.111336e+02 
1.075000e-01  0.000000e+00 0.000000e+00  8.130360e+02  1.332382e+02 1.332382e+02 
1.150000e-01  0.000000e+00 0.000000e+00  8.425800e+02  1.098271e+02 1.098271e+02 
1.250000e-01  0.000000e+00 0.000000e+00  9.585330e+02  1.113341e+02 1.113341e+02 
1.400000e-01  0.000000e+00 0.000000e+00  8.915910e+02  9.588802e+01 9.588802e+01 
1.550000e-01  0.000000e+00 0.000000e+00  9.151060e+02  1.129684e+02 1.129684e+02 
1.650000e-01  0.000000e+00 0.000000e+00  9.856640e+02  1.189733e+02 1.189733e+02 
1.800000e-01  0.000000e+00 0.000000e+00  1.042600e+03  1.074339e+02 1.074339e+02 
1.999500e-01  0.000000e+00 0.000000e+00  1.155130e+03  1.172231e+02 1.172231e+02 
2.150000e-01  0.000000e+00 0.000000e+00  1.140240e+03  1.184789e+02 1.184789e+02 
2.300000e-01  0.000000e+00 0.000000e+00  1.174050e+03  1.111036e+02 1.111036e+02 
2.500000e-01  0.000000e+00 0.000000e+00  1.153860e+03  1.093383e+02 1.093383e+02 
2.750000e-01  0.000000e+00 0.000000e+00  1.232750e+03  1.118000e+02 1.118000e+02 
3.000000e-01  0.000000e+00 0.000000e+00  1.269350e+03  1.189193e+02 1.189193e+02 
3.250000e-01  0.000000e+00 0.000000e+00  1.242650e+03  1.123167e+02 1.123167e+02 
3.500000e-01  0.000000e+00 0.000000e+00  1.188890e+03  1.114295e+02 1.114295e+02 
3.750000e-01  0.000000e+00 0.000000e+00  1.235400e+03  1.113130e+02 1.113130e+02 
4.100000e-01  0.000000e+00 0.000000e+00  1.257660e+03  1.109387e+02 1.109387e+02 
4.450000e-01  0.000000e+00 0.000000e+00  1.233990e+03  1.113431e+02 1.113431e+02 
4.800000e-01  0.000000e+00 0.000000e+00  1.166920e+03  1.032734e+02 1.032734e+02 
5.200000e-01  0.000000e+00 0.000000e+00  1.201140e+03  1.062010e+02 1.062010e+02 
5.600000e-01  0.000000e+00 0.000000e+00  1.151430e+03  1.021096e+02 1.021096e+02 
6.000000e-01  0.000000e+00 0.000000e+00  1.151150e+03  1.020290e+02 1.020290e+02 
6.450000e-01  0.000000e+00 0.000000e+00  1.105450e+03  9.684287e+01 9.684287e+01 
6.950000e-01  0.000000e+00 0.000000e+00  1.089110e+03  9.563462e+01 9.563462e+01 
7.450000e-01  0.000000e+00 0.000000e+00  1.039390e+03  9.147278e+01 9.147278e+01 
8.000000e-01  0.000000e+00 0.000000e+00  1.041690e+03  9.084087e+01 9.084087e+01 
8.600000e-01  0.000000e+00 0.000000e+00  9.521250e+02  8.349343e+01 8.349343e+01 
9.250000e-01  0.000000e+00 0.000000e+00  9.089490e+02  7.920167e+01 7.920167e+01 
9.900000e-01  0.000000e+00 0.000000e+00  8.507050e+02  7.398124e+01 7.398124e+01 
1.055000e+00  0.000000e+00 0.000000e+00  8.431450e+02  7.288418e+01 7.288418e+01 
1.130000e+00  0.000000e+00 0.000000e+00  7.666020e+02  6.614559e+01 6.614559e+01 
1.210000e+00  0.000000e+00 0.000000e+00  7.170900e+02  6.198694e+01 6.198694e+01 
1.295000e+00  0.000000e+00 0.000000e+00  6.827740e+02  5.889939e+01 5.889939e+01 
1.380000e+00  0.000000e+00 0.000000e+00  6.450620e+02  5.608970e+01 5.608970e+01 
1.470000e+00  0.000000e+00 0.000000e+00  5.999690e+02  5.185277e+01 5.185277e+01 
1.570000e+00  0.000000e+00 0.000000e+00  5.520330e+02  4.782166e+01 4.782166e+01 
1.670000e+00  0.000000e+00 0.000000e+00  5.032210e+02  4.383116e+01 4.383116e+01 
1.775000e+00  0.000000e+00 0.000000e+00  4.851750e+02  4.212471e+01 4.212471e+01 
1.890000e+00  0.000000e+00 0.000000e+00  4.592320e+02  3.990495e+01 3.990495e+01 
2.010000e+00  0.000000e+00 0.000000e+00  4.096660e+02  3.576124e+01 3.576124e+01 
2.135000e+00  0.000000e+00 0.000000e+00  3.835840e+02  3.329685e+01 3.329685e+01 
2.265000e+00  0.000000e+00 0.000000e+00  3.431900e+02  2.994379e+01 2.994379e+01 
2.405000e+00  0.000000e+00 0.000000e+00  3.338660e+02  2.894715e+01 2.894715e+01 
2.550000e+00  0.000000e+00 0.000000e+00  2.910190e+02  2.548219e+01 2.548219e+01 
2.700000e+00  0.000000e+00 0.000000e+00  2.752220e+02  2.401296e+01 2.401296e+01 
2.860000e+00  0.000000e+00 0.000000e+00  2.493390e+02  2.189513e+01 2.189513e+01 
3.030000e+00  0.000000e+00 0.000000e+00  2.245150e+02  1.968770e+01 1.968770e+01 
3.210000e+00  0.000000e+00 0.000000e+00  2.079000e+02  1.828079e+01 1.828079e+01 
3.395000e+00  0.000000e+00 0.000000e+00  1.914510e+02  1.687812e+01 1.687812e+01 
3.590000e+00  0.000000e+00 0.000000e+00  1.768330e+02  1.558784e+01 1.558784e+01 
3.905000e+00  0.000000e+00 0.000000e+00  1.421090e+02  1.220612e+01 1.220612e+01 
4.355000e+00  0.000000e+00 0.000000e+00  1.204460e+02  1.037216e+01 1.037216e+01 
4.850000e+00  0.000000e+00 0.000000e+00  9.995600e+01  8.636174e+00 8.636174e+00 
5.395000e+00  0.000000e+00 0.000000e+00  7.978400e+01  6.942306e+00 6.942306e+00 
5.990000e+00  0.000000e+00 0.000000e+00  6.404400e+01  5.598434e+00 5.598434e+00 
6.645000e+00  0.000000e+00 0.000000e+00  5.226400e+01  4.590011e+00 4.590011e+00 
7.365000e+00  0.000000e+00 0.000000e+00  4.051700e+01  3.588930e+00 3.588930e+00 
8.155000e+00  0.000000e+00 0.000000e+00  3.249600e+01  2.899320e+00 2.899320e+00 
9.025000e+00  0.000000e+00 0.000000e+00  2.645300e+01  2.350216e+00 2.350216e+00 
9.980000e+00  0.000000e+00 0.000000e+00  2.121400e+01  1.893573e+00 1.893573e+00 
1.102500e+01  0.000000e+00 0.000000e+00  1.648400e+01  1.489567e+00 1.489567e+00 
1.217000e+01  0.000000e+00 0.000000e+00  1.293900e+01  1.178992e+00 1.178992e+00 
1.343000e+01  0.000000e+00 0.000000e+00  9.928000e+00  9.157488e-01 9.157488e-01 
1.481500e+01  0.000000e+00 0.000000e+00  7.439000e+00  6.953074e-01 6.953074e-01 
1.633000e+01  0.000000e+00 0.000000e+00  6.105000e+00  5.782153e-01 5.782153e-01 
1.799000e+01  0.000000e+00 0.000000e+00  4.768000e+00  4.593112e-01 4.593112e-01 
1.981000e+01  0.000000e+00 0.000000e+00  3.907000e+00  3.780362e-01 3.780362e-01 
2.180500e+01  0.000000e+00 0.000000e+00  2.958000e+00  2.877044e-01 2.877044e-01 
2.400000e+01  0.000000e+00 0.000000e+00  2.256000e+00  2.231754e-01 2.231754e-01 
2.640500e+01  0.000000e+00 0.000000e+00  1.675000e+00  1.699671e-01 1.699671e-01 
2.904000e+01  0.000000e+00 0.000000e+00  1.355000e+00  1.405308e-01 1.405308e-01 
3.193000e+01  0.000000e+00 0.000000e+00  1.127000e+00  1.190039e-01 1.190039e-01 
3.509500e+01  0.000000e+00 0.000000e+00  8.780000e-01  9.498658e-02 9.498658e-02 
3.857000e+01  0.000000e+00 0.000000e+00  6.460000e-01  7.267255e-02 7.267255e-02 
4.238000e+01  0.000000e+00 0.000000e+00  4.630000e-01  5.482928e-02 5.482928e-02 
4.655500e+01  0.000000e+00 0.000000e+00  3.580000e-01  4.362958e-02 4.362958e-02 
