# Data from SSDC cosmic rays database www.ssdc.asi.it 
# File generated today 20260804 
# Errors may contain statistic and systematic depending on the options set when drawing the graph 
# Fluxes are multiplied by a power of Energy (or Rigidity) if the option is set when drawing the graph 
# Horizontal errors usually are not uncertanties of the measurement but correspond to binning. See publication. 
#
# GraphTitle: p PAMELA ApJL (2018) 
# XLabel: kinetic energy (GeV) 
# YLabel: flux ((m^{2} s sr GeV)^{-1}) 
#
# Columns: X, XErrorLow, XErrorHigh, Y, YErrorLow, YErrorHigh 
8.850000e-02  0.000000e+00 0.000000e+00  1.273310e+03  1.544542e+02 1.544542e+02 
1.000000e-01  0.000000e+00 0.000000e+00  1.512490e+03  1.860636e+02 1.860636e+02 
1.075000e-01  0.000000e+00 0.000000e+00  1.546210e+03  2.259086e+02 2.259086e+02 
1.150000e-01  0.000000e+00 0.000000e+00  1.613830e+03  1.938955e+02 1.938955e+02 
1.250000e-01  0.000000e+00 0.000000e+00  1.895390e+03  2.024626e+02 2.024626e+02 
1.400000e-01  0.000000e+00 0.000000e+00  1.960530e+03  1.975514e+02 1.975514e+02 
1.550000e-01  0.000000e+00 0.000000e+00  1.978990e+03  2.238256e+02 2.238256e+02 
1.650000e-01  0.000000e+00 0.000000e+00  2.095170e+03  2.319152e+02 2.319152e+02 
1.800000e-01  0.000000e+00 0.000000e+00  2.120220e+03  2.085147e+02 2.085147e+02 
1.999500e-01  0.000000e+00 0.000000e+00  2.244330e+03  2.183379e+02 2.183379e+02 
2.150000e-01  0.000000e+00 0.000000e+00  2.323580e+03  2.311137e+02 2.311137e+02 
2.300000e-01  0.000000e+00 0.000000e+00  2.281690e+03  2.100762e+02 2.100762e+02 
2.500000e-01  0.000000e+00 0.000000e+00  2.380890e+03  2.179205e+02 2.179205e+02 
2.750000e-01  0.000000e+00 0.000000e+00  2.446090e+03  2.167633e+02 2.167633e+02 
3.000000e-01  0.000000e+00 0.000000e+00  2.327360e+03  2.126110e+02 2.126110e+02 
3.250000e-01  0.000000e+00 0.000000e+00  2.387770e+03  2.109813e+02 2.109813e+02 
3.500000e-01  0.000000e+00 0.000000e+00  2.456830e+03  2.230815e+02 2.230815e+02 
3.750000e-01  0.000000e+00 0.000000e+00  2.362840e+03  2.087101e+02 2.087101e+02 
4.100000e-01  0.000000e+00 0.000000e+00  2.258900e+03  1.966677e+02 1.966677e+02 
4.450000e-01  0.000000e+00 0.000000e+00  2.237960e+03  1.977865e+02 1.977865e+02 
4.800000e-01  0.000000e+00 0.000000e+00  2.159610e+03  1.881362e+02 1.881362e+02 
5.200000e-01  0.000000e+00 0.000000e+00  2.011030e+03  1.753989e+02 1.753989e+02 
5.600000e-01  0.000000e+00 0.000000e+00  2.024190e+03  1.766648e+02 1.766648e+02 
6.000000e-01  0.000000e+00 0.000000e+00  1.992320e+03  1.742317e+02 1.742317e+02 
6.450000e-01  0.000000e+00 0.000000e+00  1.806250e+03  1.568985e+02 1.568985e+02 
6.950000e-01  0.000000e+00 0.000000e+00  1.753000e+03  1.522930e+02 1.522930e+02 
7.450000e-01  0.000000e+00 0.000000e+00  1.657680e+03  1.441703e+02 1.441703e+02 
8.000000e-01  0.000000e+00 0.000000e+00  1.549530e+03  1.341970e+02 1.341970e+02 
8.600000e-01  0.000000e+00 0.000000e+00  1.484470e+03  1.286495e+02 1.286495e+02 
9.250000e-01  0.000000e+00 0.000000e+00  1.379190e+03  1.190547e+02 1.190547e+02 
9.900000e-01  0.000000e+00 0.000000e+00  1.298900e+03  1.119066e+02 1.119066e+02 
1.055000e+00  0.000000e+00 0.000000e+00  1.176740e+03  1.011134e+02 1.011134e+02 
1.130000e+00  0.000000e+00 0.000000e+00  1.152090e+03  9.856562e+01 9.856562e+01 
1.210000e+00  0.000000e+00 0.000000e+00  1.067810e+03  9.175206e+01 9.175206e+01 
1.295000e+00  0.000000e+00 0.000000e+00  9.427680e+02  8.094438e+01 8.094438e+01 
1.380000e+00  0.000000e+00 0.000000e+00  9.062440e+02  7.841234e+01 7.841234e+01 
1.470000e+00  0.000000e+00 0.000000e+00  8.372250e+02  7.191114e+01 7.191114e+01 
1.570000e+00  0.000000e+00 0.000000e+00  7.508200e+02  6.478548e+01 6.478548e+01 
1.670000e+00  0.000000e+00 0.000000e+00  6.695140e+02  5.810468e+01 5.810468e+01 
1.775000e+00  0.000000e+00 0.000000e+00  6.337940e+02  5.488439e+01 5.488439e+01 
1.890000e+00  0.000000e+00 0.000000e+00  6.015230e+02  5.206630e+01 5.206630e+01 
2.010000e+00  0.000000e+00 0.000000e+00  5.559060e+02  4.824918e+01 4.824918e+01 
2.135000e+00  0.000000e+00 0.000000e+00  4.902430e+02  4.242410e+01 4.242410e+01 
2.265000e+00  0.000000e+00 0.000000e+00  4.407960e+02  3.831223e+01 3.831223e+01 
2.405000e+00  0.000000e+00 0.000000e+00  4.001320e+02  3.471493e+01 3.471493e+01 
2.550000e+00  0.000000e+00 0.000000e+00  3.811500e+02  3.329691e+01 3.329691e+01 
2.700000e+00  0.000000e+00 0.000000e+00  3.323060e+02  2.903826e+01 2.903826e+01 
2.860000e+00  0.000000e+00 0.000000e+00  2.981090e+02  2.617070e+01 2.617070e+01 
3.030000e+00  0.000000e+00 0.000000e+00  2.746320e+02  2.409500e+01 2.409500e+01 
3.210000e+00  0.000000e+00 0.000000e+00  2.369390e+02  2.093656e+01 2.093656e+01 
3.395000e+00  0.000000e+00 0.000000e+00  2.225740e+02  1.968187e+01 1.968187e+01 
3.590000e+00  0.000000e+00 0.000000e+00  2.041830e+02  1.808559e+01 1.808559e+01 
3.905000e+00  0.000000e+00 0.000000e+00  1.727610e+02  1.483265e+01 1.483265e+01 
4.355000e+00  0.000000e+00 0.000000e+00  1.334990e+02  1.154777e+01 1.154777e+01 
4.850000e+00  0.000000e+00 0.000000e+00  1.187500e+02  1.027425e+01 1.027425e+01 
5.395000e+00  0.000000e+00 0.000000e+00  9.031100e+01  7.872499e+00 7.872499e+00 
5.990000e+00  0.000000e+00 0.000000e+00  7.149400e+01  6.282942e+00 6.282942e+00 
6.645000e+00  0.000000e+00 0.000000e+00  5.873200e+01  5.184248e+00 5.184248e+00 
7.365000e+00  0.000000e+00 0.000000e+00  4.389500e+01  3.918881e+00 3.918881e+00 
8.155000e+00  0.000000e+00 0.000000e+00  3.570800e+01  3.206438e+00 3.206438e+00 
9.025000e+00  0.000000e+00 0.000000e+00  2.803900e+01  2.505069e+00 2.505069e+00 
9.980000e+00  0.000000e+00 0.000000e+00  2.099700e+01  1.901398e+00 1.901398e+00 
1.102500e+01  0.000000e+00 0.000000e+00  1.766400e+01  1.603376e+00 1.603376e+00 
1.217000e+01  0.000000e+00 0.000000e+00  1.442200e+01  1.323867e+00 1.323867e+00 
1.343000e+01  0.000000e+00 0.000000e+00  1.076100e+01  1.000033e+00 1.000033e+00 
1.481500e+01  0.000000e+00 0.000000e+00  8.050000e+00  7.619460e-01 7.619460e-01 
1.633000e+01  0.000000e+00 0.000000e+00  6.527000e+00  6.228182e-01 6.228182e-01 
1.799000e+01  0.000000e+00 0.000000e+00  4.503000e+00  4.414795e-01 4.414795e-01 
1.981000e+01  0.000000e+00 0.000000e+00  3.913000e+00  3.871645e-01 3.871645e-01 
2.180500e+01  0.000000e+00 0.000000e+00  3.039000e+00  2.992397e-01 2.992397e-01 
2.400000e+01  0.000000e+00 0.000000e+00  2.239000e+00  2.266834e-01 2.266834e-01 
2.640500e+01  0.000000e+00 0.000000e+00  1.786000e+00  1.842912e-01 1.842912e-01 
2.904000e+01  0.000000e+00 0.000000e+00  1.516000e+00  1.586887e-01 1.586887e-01 
3.193000e+01  0.000000e+00 0.000000e+00  1.052000e+00  1.147554e-01 1.147554e-01 
3.509500e+01  0.000000e+00 0.000000e+00  8.140000e-01  9.281864e-02 9.281864e-02 
3.857000e+01  0.000000e+00 0.000000e+00  6.810000e-01  7.771261e-02 7.771261e-02 
4.238000e+01  0.000000e+00 0.000000e+00  4.790000e-01  5.778174e-02 5.778174e-02 
4.655500e+01  0.000000e+00 0.000000e+00  3.600000e-01  4.487594e-02 4.487594e-02 
