# Data from SSDC cosmic rays database www.ssdc.asi.it 
# File generated today 20260804 
# Errors may contain statistic and systematic depending on the options set when drawing the graph 
# Fluxes are multiplied by a power of Energy (or Rigidity) if the option is set when drawing the graph 
# Horizontal errors usually are not uncertanties of the measurement but correspond to binning. See publication. 
#
# GraphTitle: p PAMELA ApJL (2018) 
# XLabel: kinetic energy (GeV) 
# YLabel: flux ((m^{2} s sr GeV)^{-1}) 
#
# Columns: X, XErrorLow, XErrorHigh, Y, YErrorLow, YErrorHigh 
8.850000e-02  0.000000e+00 0.000000e+00  2.512840e+02  4.719328e+01 4.719328e+01 
1.000000e-01  0.000000e+00 0.000000e+00  2.551230e+02  5.211618e+01 5.211618e+01 
1.075000e-01  0.000000e+00 0.000000e+00  2.837020e+02  7.264274e+01 7.264274e+01 
1.150000e-01  0.000000e+00 0.000000e+00  2.845950e+02  5.468541e+01 5.468541e+01 
1.250000e-01  0.000000e+00 0.000000e+00  2.721030e+02  5.118466e+01 5.118466e+01 
1.400000e-01  0.000000e+00 0.000000e+00  3.503790e+02  4.896467e+01 4.896467e+01 
1.550000e-01  0.000000e+00 0.000000e+00  4.376360e+02  7.016003e+01 7.016003e+01 
1.650000e-01  0.000000e+00 0.000000e+00  4.335010e+02  6.892745e+01 6.892745e+01 
1.800000e-01  0.000000e+00 0.000000e+00  4.605790e+02  5.772638e+01 5.772638e+01 
1.999500e-01  0.000000e+00 0.000000e+00  4.748360e+02  5.915559e+01 5.915559e+01 
2.150000e-01  0.000000e+00 0.000000e+00  4.933360e+02  6.251701e+01 6.251701e+01 
2.300000e-01  0.000000e+00 0.000000e+00  4.948060e+02  5.356959e+01 5.356959e+01 
2.500000e-01  0.000000e+00 0.000000e+00  5.074060e+02  5.464696e+01 5.464696e+01 
2.750000e-01  0.000000e+00 0.000000e+00  5.372070e+02  5.340559e+01 5.340559e+01 
3.000000e-01  0.000000e+00 0.000000e+00  5.890980e+02  6.171548e+01 6.171548e+01 
3.250000e-01  0.000000e+00 0.000000e+00  6.202380e+02  6.042156e+01 6.042156e+01 
3.500000e-01  0.000000e+00 0.000000e+00  6.118120e+02  6.364677e+01 6.364677e+01 
3.750000e-01  0.000000e+00 0.000000e+00  6.163290e+02  6.017171e+01 6.017171e+01 
4.100000e-01  0.000000e+00 0.000000e+00  6.308770e+02  5.928248e+01 5.928248e+01 
4.450000e-01  0.000000e+00 0.000000e+00  6.447380e+02  6.236708e+01 6.236708e+01 
4.800000e-01  0.000000e+00 0.000000e+00  6.491240e+02  6.082828e+01 6.082828e+01 
5.200000e-01  0.000000e+00 0.000000e+00  6.218940e+02  5.845160e+01 5.845160e+01 
5.600000e-01  0.000000e+00 0.000000e+00  6.239080e+02  5.885625e+01 5.885625e+01 
6.000000e-01  0.000000e+00 0.000000e+00  6.242790e+02  5.871593e+01 5.871593e+01 
6.450000e-01  0.000000e+00 0.000000e+00  6.434110e+02  5.942300e+01 5.942300e+01 
6.950000e-01  0.000000e+00 0.000000e+00  6.545220e+02  6.030055e+01 6.030055e+01 
7.450000e-01  0.000000e+00 0.000000e+00  6.466350e+02  5.967878e+01 5.967878e+01 
8.000000e-01  0.000000e+00 0.000000e+00  6.144040e+02  5.605824e+01 5.605824e+01 
8.600000e-01  0.000000e+00 0.000000e+00  5.966990e+02  5.472280e+01 5.472280e+01 
9.250000e-01  0.000000e+00 0.000000e+00  6.191650e+02  5.590950e+01 5.590950e+01 
9.900000e-01  0.000000e+00 0.000000e+00  5.397570e+02  4.864409e+01 4.864409e+01 
1.055000e+00  0.000000e+00 0.000000e+00  5.035150e+02  4.508148e+01 4.508148e+01 
1.130000e+00  0.000000e+00 0.000000e+00  5.260560e+02  4.660647e+01 4.660647e+01 
1.210000e+00  0.000000e+00 0.000000e+00  4.892280e+02  4.358449e+01 4.358449e+01 
1.295000e+00  0.000000e+00 0.000000e+00  4.616930e+02  4.094935e+01 4.094935e+01 
1.380000e+00  0.000000e+00 0.000000e+00  4.564750e+02  4.091474e+01 4.091474e+01 
1.470000e+00  0.000000e+00 0.000000e+00  4.305250e+02  3.809722e+01 3.809722e+01 
1.570000e+00  0.000000e+00 0.000000e+00  4.044650e+02  3.592654e+01 3.592654e+01 
1.670000e+00  0.000000e+00 0.000000e+00  3.838970e+02  3.421905e+01 3.421905e+01 
1.775000e+00  0.000000e+00 0.000000e+00  3.567770e+02  3.173242e+01 3.173242e+01 
1.890000e+00  0.000000e+00 0.000000e+00  3.327970e+02  2.955777e+01 2.955777e+01 
2.010000e+00  0.000000e+00 0.000000e+00  3.122070e+02  2.792075e+01 2.792075e+01 
2.135000e+00  0.000000e+00 0.000000e+00  3.071110e+02  2.717003e+01 2.717003e+01 
2.265000e+00  0.000000e+00 0.000000e+00  2.796340e+02  2.484238e+01 2.484238e+01 
2.405000e+00  0.000000e+00 0.000000e+00  2.669920e+02  2.360914e+01 2.360914e+01 
2.550000e+00  0.000000e+00 0.000000e+00  2.499100e+02  2.224566e+01 2.224566e+01 
2.700000e+00  0.000000e+00 0.000000e+00  2.204270e+02  1.961875e+01 1.961875e+01 
2.860000e+00  0.000000e+00 0.000000e+00  2.037160e+02  1.821226e+01 1.821226e+01 
3.030000e+00  0.000000e+00 0.000000e+00  2.007880e+02  1.786890e+01 1.786890e+01 
3.210000e+00  0.000000e+00 0.000000e+00  1.780480e+02  1.597926e+01 1.597926e+01 
3.395000e+00  0.000000e+00 0.000000e+00  1.655080e+02  1.483375e+01 1.483375e+01 
3.590000e+00  0.000000e+00 0.000000e+00  1.480870e+02  1.331726e+01 1.331726e+01 
3.905000e+00  0.000000e+00 0.000000e+00  1.286830e+02  1.116807e+01 1.116807e+01 
4.355000e+00  0.000000e+00 0.000000e+00  1.100370e+02  9.569856e+00 9.569856e+00 
4.850000e+00  0.000000e+00 0.000000e+00  8.912700e+01  7.782941e+00 7.782941e+00 
5.395000e+00  0.000000e+00 0.000000e+00  7.460100e+01  6.556017e+00 6.556017e+00 
5.990000e+00  0.000000e+00 0.000000e+00  6.085400e+01  5.378934e+00 5.378934e+00 
6.645000e+00  0.000000e+00 0.000000e+00  4.836100e+01  4.302217e+00 4.302217e+00 
7.365000e+00  0.000000e+00 0.000000e+00  3.809100e+01  3.421266e+00 3.421266e+00 
8.155000e+00  0.000000e+00 0.000000e+00  3.056400e+01  2.758391e+00 2.758391e+00 
9.025000e+00  0.000000e+00 0.000000e+00  2.562100e+01  2.295438e+00 2.295438e+00 
9.980000e+00  0.000000e+00 0.000000e+00  2.052200e+01  1.856377e+00 1.856377e+00 
1.102500e+01  0.000000e+00 0.000000e+00  1.602000e+01  1.470672e+00 1.470672e+00 
1.217000e+01  0.000000e+00 0.000000e+00  1.326600e+01  1.221512e+00 1.221512e+00 
1.343000e+01  0.000000e+00 0.000000e+00  1.026000e+01  9.525585e-01 9.525585e-01 
1.481500e+01  0.000000e+00 0.000000e+00  7.487000e+00  7.071493e-01 7.071493e-01 
1.633000e+01  0.000000e+00 0.000000e+00  6.213000e+00  5.941346e-01 5.941346e-01 
1.799000e+01  0.000000e+00 0.000000e+00  4.801000e+00  4.656490e-01 4.656490e-01 
1.981000e+01  0.000000e+00 0.000000e+00  3.956000e+00  3.891018e-01 3.891018e-01 
2.180500e+01  0.000000e+00 0.000000e+00  2.895000e+00  2.859477e-01 2.859477e-01 
2.400000e+01  0.000000e+00 0.000000e+00  2.163000e+00  2.205136e-01 2.205136e-01 
2.640500e+01  0.000000e+00 0.000000e+00  1.795000e+00  1.863392e-01 1.863392e-01 
2.904000e+01  0.000000e+00 0.000000e+00  1.435000e+00  1.500683e-01 1.500683e-01 
3.193000e+01  0.000000e+00 0.000000e+00  1.016000e+00  1.115394e-01 1.115394e-01 
3.509500e+01  0.000000e+00 0.000000e+00  7.470000e-01  8.557669e-02 8.557669e-02 
3.857000e+01  0.000000e+00 0.000000e+00  6.680000e-01  7.654711e-02 7.654711e-02 
4.238000e+01  0.000000e+00 0.000000e+00  4.770000e-01  5.750626e-02 5.750626e-02 
4.655500e+01  0.000000e+00 0.000000e+00  3.730000e-01  4.631134e-02 4.631134e-02 
