# Data from SSDC cosmic rays database www.ssdc.asi.it 
# File generated today 20260804 
# Errors may contain statistic and systematic depending on the options set when drawing the graph 
# Fluxes are multiplied by a power of Energy (or Rigidity) if the option is set when drawing the graph 
# Horizontal errors usually are not uncertanties of the measurement but correspond to binning. See publication. 
#
# GraphTitle: p PAMELA ApJL (2018) 
# XLabel: kinetic energy (GeV) 
# YLabel: flux ((m^{2} s sr GeV)^{-1}) 
#
# Columns: X, XErrorLow, XErrorHigh, Y, YErrorLow, YErrorHigh 
8.850000e-02  0.000000e+00 0.000000e+00  7.999870e+02  1.118055e+02 1.118055e+02 
1.000000e-01  0.000000e+00 0.000000e+00  7.588680e+02  1.137827e+02 1.137827e+02 
1.075000e-01  0.000000e+00 0.000000e+00  9.323970e+02  1.635326e+02 1.635326e+02 
1.150000e-01  0.000000e+00 0.000000e+00  7.618270e+02  1.127677e+02 1.127677e+02 
1.250000e-01  0.000000e+00 0.000000e+00  8.511170e+02  1.142010e+02 1.142010e+02 
1.400000e-01  0.000000e+00 0.000000e+00  9.001860e+02  1.034013e+02 1.034013e+02 
1.550000e-01  0.000000e+00 0.000000e+00  8.690310e+02  1.184536e+02 1.184536e+02 
1.650000e-01  0.000000e+00 0.000000e+00  1.170820e+03  1.475130e+02 1.475130e+02 
1.800000e-01  0.000000e+00 0.000000e+00  1.078040e+03  1.179158e+02 1.179158e+02 
1.999500e-01  0.000000e+00 0.000000e+00  1.159510e+03  1.251284e+02 1.251284e+02 
2.150000e-01  0.000000e+00 0.000000e+00  1.204000e+03  1.324226e+02 1.324226e+02 
2.300000e-01  0.000000e+00 0.000000e+00  1.147280e+03  1.136547e+02 1.136547e+02 
2.500000e-01  0.000000e+00 0.000000e+00  1.239640e+03  1.208578e+02 1.208578e+02 
2.750000e-01  0.000000e+00 0.000000e+00  1.176100e+03  1.102966e+02 1.102966e+02 
3.000000e-01  0.000000e+00 0.000000e+00  1.244240e+03  1.207874e+02 1.207874e+02 
3.250000e-01  0.000000e+00 0.000000e+00  1.249780e+03  1.156904e+02 1.156904e+02 
3.500000e-01  0.000000e+00 0.000000e+00  1.287640e+03  1.240532e+02 1.240532e+02 
3.750000e-01  0.000000e+00 0.000000e+00  1.234270e+03  1.147696e+02 1.147696e+02 
4.100000e-01  0.000000e+00 0.000000e+00  1.241420e+03  1.124694e+02 1.124694e+02 
4.450000e-01  0.000000e+00 0.000000e+00  1.247430e+03  1.154597e+02 1.154597e+02 
4.800000e-01  0.000000e+00 0.000000e+00  1.222350e+03  1.106066e+02 1.106066e+02 
5.200000e-01  0.000000e+00 0.000000e+00  1.225270e+03  1.107841e+02 1.107841e+02 
5.600000e-01  0.000000e+00 0.000000e+00  1.205110e+03  1.091899e+02 1.091899e+02 
6.000000e-01  0.000000e+00 0.000000e+00  1.196630e+03  1.085632e+02 1.085632e+02 
6.450000e-01  0.000000e+00 0.000000e+00  1.133910e+03  1.014590e+02 1.014590e+02 
6.950000e-01  0.000000e+00 0.000000e+00  1.153570e+03  1.031503e+02 1.031503e+02 
7.450000e-01  0.000000e+00 0.000000e+00  1.093100e+03  9.801354e+01 9.801354e+01 
8.000000e-01  0.000000e+00 0.000000e+00  1.026490e+03  9.132575e+01 9.132575e+01 
8.600000e-01  0.000000e+00 0.000000e+00  9.724440e+02  8.686690e+01 8.686690e+01 
9.250000e-01  0.000000e+00 0.000000e+00  9.574830e+02  8.475066e+01 8.475066e+01 
9.900000e-01  0.000000e+00 0.000000e+00  9.044750e+02  7.960225e+01 7.960225e+01 
1.055000e+00  0.000000e+00 0.000000e+00  8.680960e+02  7.600859e+01 7.600859e+01 
1.130000e+00  0.000000e+00 0.000000e+00  8.011360e+02  6.996913e+01 6.996913e+01 
1.210000e+00  0.000000e+00 0.000000e+00  7.628340e+02  6.674936e+01 6.674936e+01 
1.295000e+00  0.000000e+00 0.000000e+00  7.262180e+02  6.338156e+01 6.338156e+01 
1.380000e+00  0.000000e+00 0.000000e+00  6.742970e+02  5.954186e+01 5.954186e+01 
1.470000e+00  0.000000e+00 0.000000e+00  6.363370e+02  5.558181e+01 5.558181e+01 
1.570000e+00  0.000000e+00 0.000000e+00  6.056570e+02  5.309364e+01 5.309364e+01 
1.670000e+00  0.000000e+00 0.000000e+00  5.701820e+02  5.012556e+01 5.012556e+01 
1.775000e+00  0.000000e+00 0.000000e+00  5.172980e+02  4.548440e+01 4.548440e+01 
1.890000e+00  0.000000e+00 0.000000e+00  4.741700e+02  4.171083e+01 4.171083e+01 
2.010000e+00  0.000000e+00 0.000000e+00  4.223620e+02  3.739250e+01 3.739250e+01 
2.135000e+00  0.000000e+00 0.000000e+00  4.089470e+02  3.584085e+01 3.584085e+01 
2.265000e+00  0.000000e+00 0.000000e+00  3.646580e+02  3.223739e+01 3.223739e+01 
2.405000e+00  0.000000e+00 0.000000e+00  3.392460e+02  2.984207e+01 2.984207e+01 
2.550000e+00  0.000000e+00 0.000000e+00  3.237840e+02  2.870633e+01 2.870633e+01 
2.700000e+00  0.000000e+00 0.000000e+00  2.982990e+02  2.634593e+01 2.634593e+01 
2.860000e+00  0.000000e+00 0.000000e+00  2.624520e+02  2.336280e+01 2.336280e+01 
3.030000e+00  0.000000e+00 0.000000e+00  2.391160e+02  2.123623e+01 2.123623e+01 
3.210000e+00  0.000000e+00 0.000000e+00  2.211040e+02  1.972595e+01 1.972595e+01 
3.395000e+00  0.000000e+00 0.000000e+00  2.001310e+02  1.791254e+01 1.791254e+01 
3.590000e+00  0.000000e+00 0.000000e+00  1.825640e+02  1.637441e+01 1.637441e+01 
3.905000e+00  0.000000e+00 0.000000e+00  1.574620e+02  1.362703e+01 1.362703e+01 
4.355000e+00  0.000000e+00 0.000000e+00  1.278040e+02  1.112034e+01 1.112034e+01 
4.850000e+00  0.000000e+00 0.000000e+00  1.039280e+02  9.085684e+00 9.085684e+00 
5.395000e+00  0.000000e+00 0.000000e+00  8.704400e+01  7.643871e+00 7.643871e+00 
5.990000e+00  0.000000e+00 0.000000e+00  7.109400e+01  6.276491e+00 6.276491e+00 
6.645000e+00  0.000000e+00 0.000000e+00  5.406900e+01  4.828902e+00 4.828902e+00 
7.365000e+00  0.000000e+00 0.000000e+00  4.087000e+01  3.682090e+00 3.682090e+00 
8.155000e+00  0.000000e+00 0.000000e+00  3.477200e+01  3.154739e+00 3.154739e+00 
9.025000e+00  0.000000e+00 0.000000e+00  2.836400e+01  2.555035e+00 2.555035e+00 
9.980000e+00  0.000000e+00 0.000000e+00  2.153600e+01  1.959171e+00 1.959171e+00 
1.102500e+01  0.000000e+00 0.000000e+00  1.693900e+01  1.558645e+00 1.558645e+00 
1.217000e+01  0.000000e+00 0.000000e+00  1.311500e+01  1.218464e+00 1.218464e+00 
1.343000e+01  0.000000e+00 0.000000e+00  1.069600e+01  1.004486e+00 1.004486e+00 
1.481500e+01  0.000000e+00 0.000000e+00  8.797000e+00  8.363616e-01 8.363616e-01 
1.633000e+01  0.000000e+00 0.000000e+00  6.224000e+00  6.043115e-01 6.043115e-01 
1.799000e+01  0.000000e+00 0.000000e+00  4.599000e+00  4.567232e-01 4.567232e-01 
1.981000e+01  0.000000e+00 0.000000e+00  3.924000e+00  3.938406e-01 3.938406e-01 
2.180500e+01  0.000000e+00 0.000000e+00  2.975000e+00  2.989348e-01 2.989348e-01 
2.400000e+01  0.000000e+00 0.000000e+00  2.344000e+00  2.394942e-01 2.394942e-01 
2.640500e+01  0.000000e+00 0.000000e+00  1.738000e+00  1.834079e-01 1.834079e-01 
2.904000e+01  0.000000e+00 0.000000e+00  1.429000e+00  1.534609e-01 1.534609e-01 
3.193000e+01  0.000000e+00 0.000000e+00  1.104000e+00  1.224071e-01 1.224071e-01 
3.509500e+01  0.000000e+00 0.000000e+00  8.210000e-01  9.462283e-02 9.462283e-02 
3.857000e+01  0.000000e+00 0.000000e+00  6.420000e-01  7.671799e-02 7.671799e-02 
4.238000e+01  0.000000e+00 0.000000e+00  4.710000e-01  5.855809e-02 5.855809e-02 
4.655500e+01  0.000000e+00 0.000000e+00  3.580000e-01  4.580327e-02 4.580327e-02 
