# Data from SSDC cosmic rays database www.ssdc.asi.it 
# File generated today 20260804 
# Errors may contain statistic and systematic depending on the options set when drawing the graph 
# Fluxes are multiplied by a power of Energy (or Rigidity) if the option is set when drawing the graph 
# Horizontal errors usually are not uncertanties of the measurement but correspond to binning. See publication. 
#
# GraphTitle: p PAMELA ApJL (2018) 
# XLabel: kinetic energy (GeV) 
# YLabel: flux ((m^{2} s sr GeV)^{-1}) 
#
# Columns: X, XErrorLow, XErrorHigh, Y, YErrorLow, YErrorHigh 
8.850000e-02  0.000000e+00 0.000000e+00  1.092760e+03  1.251878e+02 1.251878e+02 
1.000000e-01  0.000000e+00 0.000000e+00  1.026600e+03  1.250445e+02 1.250445e+02 
1.075000e-01  0.000000e+00 0.000000e+00  1.263890e+03  1.723568e+02 1.723568e+02 
1.150000e-01  0.000000e+00 0.000000e+00  1.278660e+03  1.466675e+02 1.466675e+02 
1.250000e-01  0.000000e+00 0.000000e+00  1.212460e+03  1.295197e+02 1.295197e+02 
1.400000e-01  0.000000e+00 0.000000e+00  1.417180e+03  1.407300e+02 1.407300e+02 
1.550000e-01  0.000000e+00 0.000000e+00  1.444390e+03  1.591511e+02 1.591511e+02 
1.650000e-01  0.000000e+00 0.000000e+00  1.474270e+03  1.612733e+02 1.612733e+02 
1.800000e-01  0.000000e+00 0.000000e+00  1.624800e+03  1.565252e+02 1.565252e+02 
1.999500e-01  0.000000e+00 0.000000e+00  1.625030e+03  1.562060e+02 1.562060e+02 
2.150000e-01  0.000000e+00 0.000000e+00  1.657530e+03  1.626884e+02 1.626884e+02 
2.300000e-01  0.000000e+00 0.000000e+00  1.638930e+03  1.494835e+02 1.494835e+02 
2.500000e-01  0.000000e+00 0.000000e+00  1.666830e+03  1.523037e+02 1.523037e+02 
2.750000e-01  0.000000e+00 0.000000e+00  1.781130e+03  1.571456e+02 1.571456e+02 
3.000000e-01  0.000000e+00 0.000000e+00  1.765260e+03  1.600622e+02 1.600622e+02 
3.250000e-01  0.000000e+00 0.000000e+00  1.816770e+03  1.595736e+02 1.595736e+02 
3.500000e-01  0.000000e+00 0.000000e+00  1.810700e+03  1.634837e+02 1.634837e+02 
3.750000e-01  0.000000e+00 0.000000e+00  1.775240e+03  1.562810e+02 1.562810e+02 
4.100000e-01  0.000000e+00 0.000000e+00  1.707110e+03  1.478158e+02 1.478158e+02 
4.450000e-01  0.000000e+00 0.000000e+00  1.682770e+03  1.480176e+02 1.480176e+02 
4.800000e-01  0.000000e+00 0.000000e+00  1.716810e+03  1.486176e+02 1.486176e+02 
5.200000e-01  0.000000e+00 0.000000e+00  1.640810e+03  1.422568e+02 1.422568e+02 
5.600000e-01  0.000000e+00 0.000000e+00  1.594930e+03  1.383791e+02 1.383791e+02 
6.000000e-01  0.000000e+00 0.000000e+00  1.522840e+03  1.324767e+02 1.324767e+02 
6.450000e-01  0.000000e+00 0.000000e+00  1.482800e+03  1.278161e+02 1.278161e+02 
6.950000e-01  0.000000e+00 0.000000e+00  1.463280e+03  1.262333e+02 1.262333e+02 
7.450000e-01  0.000000e+00 0.000000e+00  1.378430e+03  1.192472e+02 1.192472e+02 
8.000000e-01  0.000000e+00 0.000000e+00  1.353790e+03  1.163117e+02 1.163117e+02 
8.600000e-01  0.000000e+00 0.000000e+00  1.236530e+03  1.065296e+02 1.065296e+02 
9.250000e-01  0.000000e+00 0.000000e+00  1.170990e+03  1.004747e+02 1.004747e+02 
9.900000e-01  0.000000e+00 0.000000e+00  1.124360e+03  9.648137e+01 9.648137e+01 
1.055000e+00  0.000000e+00 0.000000e+00  1.108620e+03  9.458949e+01 9.458949e+01 
1.130000e+00  0.000000e+00 0.000000e+00  9.966050e+02  8.491443e+01 8.491443e+01 
1.210000e+00  0.000000e+00 0.000000e+00  9.133500e+02  7.807624e+01 7.807624e+01 
1.295000e+00  0.000000e+00 0.000000e+00  8.746220e+02  7.456983e+01 7.456983e+01 
1.380000e+00  0.000000e+00 0.000000e+00  8.070390e+02  6.930964e+01 6.930964e+01 
1.470000e+00  0.000000e+00 0.000000e+00  7.523770e+02  6.424349e+01 6.424349e+01 
1.570000e+00  0.000000e+00 0.000000e+00  6.996410e+02  5.993708e+01 5.993708e+01 
1.670000e+00  0.000000e+00 0.000000e+00  6.641410e+02  5.703248e+01 5.703248e+01 
1.775000e+00  0.000000e+00 0.000000e+00  6.015680e+02  5.162878e+01 5.162878e+01 
1.890000e+00  0.000000e+00 0.000000e+00  5.707300e+02  4.890602e+01 4.890602e+01 
2.010000e+00  0.000000e+00 0.000000e+00  5.150850e+02  4.435827e+01 4.435827e+01 
2.135000e+00  0.000000e+00 0.000000e+00  4.706680e+02  4.038147e+01 4.038147e+01 
2.265000e+00  0.000000e+00 0.000000e+00  4.225760e+02  3.641353e+01 3.641353e+01 
2.405000e+00  0.000000e+00 0.000000e+00  3.880630e+02  3.338331e+01 3.338331e+01 
2.550000e+00  0.000000e+00 0.000000e+00  3.547880e+02  3.070435e+01 3.070435e+01 
2.700000e+00  0.000000e+00 0.000000e+00  3.307330e+02  2.856533e+01 2.856533e+01 
2.860000e+00  0.000000e+00 0.000000e+00  3.002910e+02  2.601960e+01 2.601960e+01 
3.030000e+00  0.000000e+00 0.000000e+00  2.650390e+02  2.295367e+01 2.295367e+01 
3.210000e+00  0.000000e+00 0.000000e+00  2.435810e+02  2.118497e+01 2.118497e+01 
3.395000e+00  0.000000e+00 0.000000e+00  2.282300e+02  1.987117e+01 1.987117e+01 
3.590000e+00  0.000000e+00 0.000000e+00  1.995410e+02  1.744218e+01 1.744218e+01 
3.905000e+00  0.000000e+00 0.000000e+00  1.674860e+02  1.426485e+01 1.426485e+01 
4.355000e+00  0.000000e+00 0.000000e+00  1.383060e+02  1.182480e+01 1.182480e+01 
4.850000e+00  0.000000e+00 0.000000e+00  1.108710e+02  9.515662e+00 9.515662e+00 
5.395000e+00  0.000000e+00 0.000000e+00  9.084800e+01  7.830322e+00 7.830322e+00 
5.990000e+00  0.000000e+00 0.000000e+00  7.558700e+01  6.542477e+00 6.542477e+00 
6.645000e+00  0.000000e+00 0.000000e+00  5.794900e+01  5.043364e+00 5.043364e+00 
7.365000e+00  0.000000e+00 0.000000e+00  4.528900e+01  3.969907e+00 3.969907e+00 
8.155000e+00  0.000000e+00 0.000000e+00  3.644200e+01  3.211277e+00 3.211277e+00 
9.025000e+00  0.000000e+00 0.000000e+00  2.753800e+01  2.428349e+00 2.428349e+00 
9.980000e+00  0.000000e+00 0.000000e+00  2.335200e+01  2.066972e+00 2.066972e+00 
1.102500e+01  0.000000e+00 0.000000e+00  1.818300e+01  1.625515e+00 1.625515e+00 
1.217000e+01  0.000000e+00 0.000000e+00  1.363900e+01  1.231300e+00 1.231300e+00 
1.343000e+01  0.000000e+00 0.000000e+00  1.085000e+01  9.886404e-01 9.886404e-01 
1.481500e+01  0.000000e+00 0.000000e+00  8.559000e+00  7.879383e-01 7.879383e-01 
1.633000e+01  0.000000e+00 0.000000e+00  6.523000e+00  6.072349e-01 6.072349e-01 
1.799000e+01  0.000000e+00 0.000000e+00  5.022000e+00  4.753031e-01 4.753031e-01 
1.981000e+01  0.000000e+00 0.000000e+00  3.923000e+00  3.768874e-01 3.768874e-01 
2.180500e+01  0.000000e+00 0.000000e+00  3.068000e+00  2.943372e-01 2.943372e-01 
2.400000e+01  0.000000e+00 0.000000e+00  2.155000e+00  2.134661e-01 2.134661e-01 
2.640500e+01  0.000000e+00 0.000000e+00  1.898000e+00  1.896079e-01 1.896079e-01 
2.904000e+01  0.000000e+00 0.000000e+00  1.530000e+00  1.552229e-01 1.552229e-01 
3.193000e+01  0.000000e+00 0.000000e+00  1.157000e+00  1.204154e-01 1.204154e-01 
3.509500e+01  0.000000e+00 0.000000e+00  8.050000e-01  8.683070e-02 8.683070e-02 
3.857000e+01  0.000000e+00 0.000000e+00  6.390000e-01  7.146748e-02 7.146748e-02 
4.238000e+01  0.000000e+00 0.000000e+00  5.160000e-01  5.894709e-02 5.894709e-02 
4.655500e+01  0.000000e+00 0.000000e+00  3.610000e-01  4.284344e-02 4.284344e-02 
