# Data from SSDC cosmic rays database www.ssdc.asi.it 
# File generated today 20260804 
# Errors may contain statistic and systematic depending on the options set when drawing the graph 
# Fluxes are multiplied by a power of Energy (or Rigidity) if the option is set when drawing the graph 
# Horizontal errors usually are not uncertanties of the measurement but correspond to binning. See publication. 
#
# GraphTitle: p PAMELA ApJL (2018) 
# XLabel: kinetic energy (GeV) 
# YLabel: flux ((m^{2} s sr GeV)^{-1}) 
#
# Columns: X, XErrorLow, XErrorHigh, Y, YErrorLow, YErrorHigh 
8.850000e-02  0.000000e+00 0.000000e+00  6.196220e+02  7.621261e+01 7.621261e+01 
1.000000e-01  0.000000e+00 0.000000e+00  6.627480e+02  8.480828e+01 8.480828e+01 
1.075000e-01  0.000000e+00 0.000000e+00  6.921540e+02  1.066100e+02 1.066100e+02 
1.150000e-01  0.000000e+00 0.000000e+00  6.929040e+02  8.694994e+01 8.694994e+01 
1.250000e-01  0.000000e+00 0.000000e+00  8.207050e+02  9.205188e+01 9.205188e+01 
1.400000e-01  0.000000e+00 0.000000e+00  8.389930e+02  8.695561e+01 8.695561e+01 
1.550000e-01  0.000000e+00 0.000000e+00  1.025380e+03  1.154502e+02 1.154502e+02 
1.650000e-01  0.000000e+00 0.000000e+00  9.327130e+02  1.066932e+02 1.066932e+02 
1.800000e-01  0.000000e+00 0.000000e+00  1.003090e+03  9.988523e+01 9.988523e+01 
1.999500e-01  0.000000e+00 0.000000e+00  1.046070e+03  1.029461e+02 1.029461e+02 
2.150000e-01  0.000000e+00 0.000000e+00  1.073340e+03  1.082650e+02 1.082650e+02 
2.300000e-01  0.000000e+00 0.000000e+00  1.117670e+03  1.037709e+02 1.037709e+02 
2.500000e-01  0.000000e+00 0.000000e+00  1.170220e+03  1.081255e+02 1.081255e+02 
2.750000e-01  0.000000e+00 0.000000e+00  1.154780e+03  1.032429e+02 1.032429e+02 
3.000000e-01  0.000000e+00 0.000000e+00  1.211910e+03  1.108956e+02 1.108956e+02 
3.250000e-01  0.000000e+00 0.000000e+00  1.215180e+03  1.078710e+02 1.078710e+02 
3.500000e-01  0.000000e+00 0.000000e+00  1.185620e+03  1.082779e+02 1.082779e+02 
3.750000e-01  0.000000e+00 0.000000e+00  1.254280e+03  1.109928e+02 1.109928e+02 
4.100000e-01  0.000000e+00 0.000000e+00  1.236190e+03  1.076247e+02 1.076247e+02 
4.450000e-01  0.000000e+00 0.000000e+00  1.188690e+03  1.053691e+02 1.053691e+02 
4.800000e-01  0.000000e+00 0.000000e+00  1.194090e+03  1.040508e+02 1.040508e+02 
5.200000e-01  0.000000e+00 0.000000e+00  1.188850e+03  1.036029e+02 1.036029e+02 
5.600000e-01  0.000000e+00 0.000000e+00  1.184160e+03  1.031135e+02 1.031135e+02 
6.000000e-01  0.000000e+00 0.000000e+00  1.117740e+03  9.778711e+01 9.778711e+01 
6.450000e-01  0.000000e+00 0.000000e+00  1.135350e+03  9.813335e+01 9.813335e+01 
6.950000e-01  0.000000e+00 0.000000e+00  1.101570e+03  9.534321e+01 9.534321e+01 
7.450000e-01  0.000000e+00 0.000000e+00  1.033910e+03  8.974031e+01 8.974031e+01 
8.000000e-01  0.000000e+00 0.000000e+00  1.002550e+03  8.641223e+01 8.641223e+01 
8.600000e-01  0.000000e+00 0.000000e+00  9.741820e+02  8.410132e+01 8.410132e+01 
9.250000e-01  0.000000e+00 0.000000e+00  9.336470e+02  8.019109e+01 8.019109e+01 
9.900000e-01  0.000000e+00 0.000000e+00  8.688080e+02  7.467993e+01 7.467993e+01 
1.055000e+00  0.000000e+00 0.000000e+00  8.458770e+02  7.234637e+01 7.234637e+01 
1.130000e+00  0.000000e+00 0.000000e+00  8.033280e+02  6.847760e+01 6.847760e+01 
1.210000e+00  0.000000e+00 0.000000e+00  7.548030e+02  6.452223e+01 6.452223e+01 
1.295000e+00  0.000000e+00 0.000000e+00  7.098670e+02  6.053518e+01 6.053518e+01 
1.380000e+00  0.000000e+00 0.000000e+00  6.563230e+02  5.641806e+01 5.641806e+01 
1.470000e+00  0.000000e+00 0.000000e+00  6.301060e+02  5.379293e+01 5.379293e+01 
1.570000e+00  0.000000e+00 0.000000e+00  5.817580e+02  4.980466e+01 4.980466e+01 
1.670000e+00  0.000000e+00 0.000000e+00  5.247170e+02  4.510205e+01 4.510205e+01 
1.775000e+00  0.000000e+00 0.000000e+00  5.039710e+02  4.320926e+01 4.320926e+01 
1.890000e+00  0.000000e+00 0.000000e+00  4.710850e+02  4.040532e+01 4.040532e+01 
2.010000e+00  0.000000e+00 0.000000e+00  4.451000e+02  3.827264e+01 3.827264e+01 
2.135000e+00  0.000000e+00 0.000000e+00  3.921520e+02  3.366297e+01 3.366297e+01 
2.265000e+00  0.000000e+00 0.000000e+00  3.613320e+02  3.113091e+01 3.113091e+01 
2.405000e+00  0.000000e+00 0.000000e+00  3.378060e+02  2.901436e+01 2.901436e+01 
2.550000e+00  0.000000e+00 0.000000e+00  3.205960e+02  2.769363e+01 2.769363e+01 
2.700000e+00  0.000000e+00 0.000000e+00  2.802490e+02  2.417396e+01 2.417396e+01 
2.860000e+00  0.000000e+00 0.000000e+00  2.686850e+02  2.323156e+01 2.323156e+01 
3.030000e+00  0.000000e+00 0.000000e+00  2.398100e+02  2.071805e+01 2.071805e+01 
3.210000e+00  0.000000e+00 0.000000e+00  2.120610e+02  1.842059e+01 1.842059e+01 
3.395000e+00  0.000000e+00 0.000000e+00  2.012990e+02  1.749126e+01 1.749126e+01 
3.590000e+00  0.000000e+00 0.000000e+00  1.741440e+02  1.518422e+01 1.518422e+01 
3.905000e+00  0.000000e+00 0.000000e+00  1.513180e+02  1.285465e+01 1.285465e+01 
4.355000e+00  0.000000e+00 0.000000e+00  1.267700e+02  1.080131e+01 1.080131e+01 
4.850000e+00  0.000000e+00 0.000000e+00  1.031420e+02  8.819060e+00 8.819060e+00 
5.395000e+00  0.000000e+00 0.000000e+00  8.372000e+01  7.187754e+00 7.187754e+00 
5.990000e+00  0.000000e+00 0.000000e+00  6.820800e+01  5.883844e+00 5.883844e+00 
6.645000e+00  0.000000e+00 0.000000e+00  5.327500e+01  4.619294e+00 4.619294e+00 
7.365000e+00  0.000000e+00 0.000000e+00  4.214500e+01  3.679545e+00 3.679545e+00 
8.155000e+00  0.000000e+00 0.000000e+00  3.422600e+01  3.002574e+00 3.002574e+00 
9.025000e+00  0.000000e+00 0.000000e+00  2.669000e+01  2.338981e+00 2.338981e+00 
9.980000e+00  0.000000e+00 0.000000e+00  2.200200e+01  1.938572e+00 1.938572e+00 
1.102500e+01  0.000000e+00 0.000000e+00  1.726900e+01  1.529812e+00 1.529812e+00 
1.217000e+01  0.000000e+00 0.000000e+00  1.306900e+01  1.168768e+00 1.168768e+00 
1.343000e+01  0.000000e+00 0.000000e+00  1.056800e+01  9.536941e-01 9.536941e-01 
1.481500e+01  0.000000e+00 0.000000e+00  8.135000e+00  7.414140e-01 7.414140e-01 
1.633000e+01  0.000000e+00 0.000000e+00  6.457000e+00  5.950633e-01 5.950633e-01 
1.799000e+01  0.000000e+00 0.000000e+00  4.984000e+00  4.649579e-01 4.649579e-01 
1.981000e+01  0.000000e+00 0.000000e+00  3.873000e+00  3.670036e-01 3.670036e-01 
2.180500e+01  0.000000e+00 0.000000e+00  3.046000e+00  2.888482e-01 2.888482e-01 
2.400000e+01  0.000000e+00 0.000000e+00  2.234000e+00  2.158045e-01 2.158045e-01 
2.640500e+01  0.000000e+00 0.000000e+00  1.722000e+00  1.700176e-01 1.700176e-01 
2.904000e+01  0.000000e+00 0.000000e+00  1.429000e+00  1.430713e-01 1.430713e-01 
3.193000e+01  0.000000e+00 0.000000e+00  1.152000e+00  1.172293e-01 1.172293e-01 
3.509500e+01  0.000000e+00 0.000000e+00  8.890000e-01  9.216344e-02 9.216344e-02 
3.857000e+01  0.000000e+00 0.000000e+00  6.170000e-01  6.672166e-02 6.672166e-02 
4.238000e+01  0.000000e+00 0.000000e+00  4.880000e-01  5.425062e-02 5.425062e-02 
4.655500e+01  0.000000e+00 0.000000e+00  3.600000e-01  4.164721e-02 4.164721e-02 
