# Data from SSDC cosmic rays database www.ssdc.asi.it 
# File generated today 20260804 
# Errors may contain statistic and systematic depending on the options set when drawing the graph 
# Fluxes are multiplied by a power of Energy (or Rigidity) if the option is set when drawing the graph 
# Horizontal errors usually are not uncertanties of the measurement but correspond to binning. See publication. 
#
# GraphTitle: p PAMELA ApJL (2018) 
# XLabel: kinetic energy (GeV) 
# YLabel: flux ((m^{2} s sr GeV)^{-1}) 
#
# Columns: X, XErrorLow, XErrorHigh, Y, YErrorLow, YErrorHigh 
8.850000e-02  0.000000e+00 0.000000e+00  3.548700e+02  5.281882e+01 5.281882e+01 
1.000000e-01  0.000000e+00 0.000000e+00  3.853710e+02  5.992486e+01 5.992486e+01 
1.075000e-01  0.000000e+00 0.000000e+00  4.052690e+02  7.763143e+01 7.763143e+01 
1.150000e-01  0.000000e+00 0.000000e+00  4.618070e+02  6.674264e+01 6.674264e+01 
1.250000e-01  0.000000e+00 0.000000e+00  4.437030e+02  6.140676e+01 6.140676e+01 
1.400000e-01  0.000000e+00 0.000000e+00  5.242970e+02  6.061739e+01 6.061739e+01 
1.550000e-01  0.000000e+00 0.000000e+00  4.919850e+02  6.745745e+01 6.745745e+01 
1.650000e-01  0.000000e+00 0.000000e+00  5.280270e+02  7.101919e+01 7.101919e+01 
1.800000e-01  0.000000e+00 0.000000e+00  5.864810e+02  6.486291e+01 6.486291e+01 
1.999500e-01  0.000000e+00 0.000000e+00  6.418190e+02  6.935145e+01 6.935145e+01 
2.150000e-01  0.000000e+00 0.000000e+00  6.259450e+02  6.959898e+01 6.959898e+01 
2.300000e-01  0.000000e+00 0.000000e+00  6.285220e+02  6.229683e+01 6.229683e+01 
2.500000e-01  0.000000e+00 0.000000e+00  6.273410e+02  6.186821e+01 6.186821e+01 
2.750000e-01  0.000000e+00 0.000000e+00  7.128610e+02  6.609940e+01 6.609940e+01 
3.000000e-01  0.000000e+00 0.000000e+00  7.621240e+02  7.316649e+01 7.316649e+01 
3.250000e-01  0.000000e+00 0.000000e+00  7.101010e+02  6.585808e+01 6.585808e+01 
3.500000e-01  0.000000e+00 0.000000e+00  7.792300e+02  7.419158e+01 7.419158e+01 
3.750000e-01  0.000000e+00 0.000000e+00  7.333880e+02  6.762600e+01 6.762600e+01 
4.100000e-01  0.000000e+00 0.000000e+00  7.677170e+02  6.876932e+01 6.876932e+01 
4.450000e-01  0.000000e+00 0.000000e+00  7.894610e+02  7.219072e+01 7.219072e+01 
4.800000e-01  0.000000e+00 0.000000e+00  7.815340e+02  6.985733e+01 6.985733e+01 
5.200000e-01  0.000000e+00 0.000000e+00  7.920690e+02  7.076704e+01 7.076704e+01 
5.600000e-01  0.000000e+00 0.000000e+00  7.864630e+02  7.035304e+01 7.035304e+01 
6.000000e-01  0.000000e+00 0.000000e+00  7.437970e+02  6.673922e+01 6.673922e+01 
6.450000e-01  0.000000e+00 0.000000e+00  7.587280e+02  6.701839e+01 6.701839e+01 
6.950000e-01  0.000000e+00 0.000000e+00  7.723150e+02  6.818515e+01 6.818515e+01 
7.450000e-01  0.000000e+00 0.000000e+00  7.604950e+02  6.723243e+01 6.723243e+01 
8.000000e-01  0.000000e+00 0.000000e+00  7.409130e+02  6.492641e+01 6.492641e+01 
8.600000e-01  0.000000e+00 0.000000e+00  7.205260e+02  6.328909e+01 6.328909e+01 
9.250000e-01  0.000000e+00 0.000000e+00  7.210200e+02  6.279678e+01 6.279678e+01 
9.900000e-01  0.000000e+00 0.000000e+00  6.703100e+02  5.831071e+01 5.831071e+01 
1.055000e+00  0.000000e+00 0.000000e+00  6.284000e+02  5.443384e+01 5.443384e+01 
1.130000e+00  0.000000e+00 0.000000e+00  6.326530e+02  5.448721e+01 5.448721e+01 
1.210000e+00  0.000000e+00 0.000000e+00  5.915000e+02  5.112955e+01 5.112955e+01 
1.295000e+00  0.000000e+00 0.000000e+00  5.601760e+02  4.828021e+01 4.828021e+01 
1.380000e+00  0.000000e+00 0.000000e+00  5.725040e+02  4.959455e+01 4.959455e+01 
1.470000e+00  0.000000e+00 0.000000e+00  5.218140e+02  4.497548e+01 4.497548e+01 
1.570000e+00  0.000000e+00 0.000000e+00  4.855950e+02  4.199125e+01 4.199125e+01 
1.670000e+00  0.000000e+00 0.000000e+00  4.712100e+02  4.077262e+01 4.077262e+01 
1.775000e+00  0.000000e+00 0.000000e+00  4.237410e+02  3.670363e+01 3.670363e+01 
1.890000e+00  0.000000e+00 0.000000e+00  4.029630e+02  3.481960e+01 3.481960e+01 
2.010000e+00  0.000000e+00 0.000000e+00  3.771380e+02  3.270875e+01 3.270875e+01 
2.135000e+00  0.000000e+00 0.000000e+00  3.623230e+02  3.123452e+01 3.123452e+01 
2.265000e+00  0.000000e+00 0.000000e+00  3.230950e+02  2.801261e+01 2.801261e+01 
2.405000e+00  0.000000e+00 0.000000e+00  3.083070e+02  2.661899e+01 2.661899e+01 
2.550000e+00  0.000000e+00 0.000000e+00  2.820790e+02  2.453114e+01 2.453114e+01 
2.700000e+00  0.000000e+00 0.000000e+00  2.636610e+02  2.284939e+01 2.284939e+01 
2.860000e+00  0.000000e+00 0.000000e+00  2.395560e+02  2.083693e+01 2.083693e+01 
3.030000e+00  0.000000e+00 0.000000e+00  2.239810e+02  1.943975e+01 1.943975e+01 
3.210000e+00  0.000000e+00 0.000000e+00  2.072850e+02  1.806265e+01 1.806265e+01 
3.395000e+00  0.000000e+00 0.000000e+00  1.861220e+02  1.627032e+01 1.627032e+01 
3.590000e+00  0.000000e+00 0.000000e+00  1.687050e+02  1.477312e+01 1.477312e+01 
3.905000e+00  0.000000e+00 0.000000e+00  1.471390e+02  1.252920e+01 1.252920e+01 
4.355000e+00  0.000000e+00 0.000000e+00  1.218180e+02  1.041350e+01 1.041350e+01 
4.850000e+00  0.000000e+00 0.000000e+00  1.000600e+02  8.585854e+00 8.585854e+00 
5.395000e+00  0.000000e+00 0.000000e+00  8.295400e+01  7.151209e+00 7.151209e+00 
5.990000e+00  0.000000e+00 0.000000e+00  6.851400e+01  5.926592e+00 5.926592e+00 
6.645000e+00  0.000000e+00 0.000000e+00  5.389400e+01  4.686238e+00 4.686238e+00 
7.365000e+00  0.000000e+00 0.000000e+00  4.173700e+01  3.652968e+00 3.652968e+00 
8.155000e+00  0.000000e+00 0.000000e+00  3.569000e+01  3.137707e+00 3.137707e+00 
9.025000e+00  0.000000e+00 0.000000e+00  2.731100e+01  2.398916e+00 2.398916e+00 
9.980000e+00  0.000000e+00 0.000000e+00  2.103100e+01  1.861138e+00 1.861138e+00 
1.102500e+01  0.000000e+00 0.000000e+00  1.771200e+01  1.575082e+00 1.575082e+00 
1.217000e+01  0.000000e+00 0.000000e+00  1.291600e+01  1.164070e+00 1.164070e+00 
1.343000e+01  0.000000e+00 0.000000e+00  1.071700e+01  9.712659e-01 9.712659e-01 
1.481500e+01  0.000000e+00 0.000000e+00  8.397000e+00  7.688040e-01 7.688040e-01 
1.633000e+01  0.000000e+00 0.000000e+00  6.323000e+00  5.872184e-01 5.872184e-01 
1.799000e+01  0.000000e+00 0.000000e+00  4.944000e+00  4.638914e-01 4.638914e-01 
1.981000e+01  0.000000e+00 0.000000e+00  3.773000e+00  3.607843e-01 3.607843e-01 
2.180500e+01  0.000000e+00 0.000000e+00  2.861000e+00  2.737873e-01 2.737873e-01 
2.400000e+01  0.000000e+00 0.000000e+00  2.330000e+00  2.269027e-01 2.269027e-01 
2.640500e+01  0.000000e+00 0.000000e+00  1.818000e+00  1.802018e-01 1.802018e-01 
2.904000e+01  0.000000e+00 0.000000e+00  1.345000e+00  1.366711e-01 1.366711e-01 
3.193000e+01  0.000000e+00 0.000000e+00  1.127000e+00  1.158559e-01 1.158559e-01 
3.509500e+01  0.000000e+00 0.000000e+00  8.010000e-01  8.570653e-02 8.570653e-02 
3.857000e+01  0.000000e+00 0.000000e+00  6.320000e-01  6.885180e-02 6.885180e-02 
4.238000e+01  0.000000e+00 0.000000e+00  4.990000e-01  5.594756e-02 5.594756e-02 
4.655500e+01  0.000000e+00 0.000000e+00  3.800000e-01  4.410624e-02 4.410624e-02 
