# Data from SSDC cosmic rays database www.ssdc.asi.it 
# File generated today 20260804 
# Errors may contain statistic and systematic depending on the options set when drawing the graph 
# Fluxes are multiplied by a power of Energy (or Rigidity) if the option is set when drawing the graph 
# Horizontal errors usually are not uncertanties of the measurement but correspond to binning. See publication. 
#
# GraphTitle: p PAMELA ApJL (2018) 
# XLabel: kinetic energy (GeV) 
# YLabel: flux ((m^{2} s sr GeV)^{-1}) 
#
# Columns: X, XErrorLow, XErrorHigh, Y, YErrorLow, YErrorHigh 
8.850000e-02  0.000000e+00 0.000000e+00  6.881450e+02  1.208946e+02 1.208946e+02 
1.000000e-01  0.000000e+00 0.000000e+00  8.245930e+02  1.506949e+02 1.506949e+02 
1.075000e-01  0.000000e+00 0.000000e+00  7.246070e+02  1.823316e+02 1.823316e+02 
1.150000e-01  0.000000e+00 0.000000e+00  8.826270e+02  1.554869e+02 1.554869e+02 
1.250000e-01  0.000000e+00 0.000000e+00  9.934630e+02  1.600780e+02 1.600780e+02 
1.400000e-01  0.000000e+00 0.000000e+00  1.103520e+03  1.434292e+02 1.434292e+02 
1.550000e-01  0.000000e+00 0.000000e+00  1.014720e+03  1.647380e+02 1.647380e+02 
1.650000e-01  0.000000e+00 0.000000e+00  1.104010e+03  1.713049e+02 1.713049e+02 
1.800000e-01  0.000000e+00 0.000000e+00  1.166790e+03  1.452203e+02 1.452203e+02 
1.999500e-01  0.000000e+00 0.000000e+00  1.252670e+03  1.521678e+02 1.521678e+02 
2.150000e-01  0.000000e+00 0.000000e+00  1.274880e+03  1.584355e+02 1.584355e+02 
2.300000e-01  0.000000e+00 0.000000e+00  1.266050e+03  1.364441e+02 1.364441e+02 
2.500000e-01  0.000000e+00 0.000000e+00  1.304330e+03  1.397455e+02 1.397455e+02 
2.750000e-01  0.000000e+00 0.000000e+00  1.355870e+03  1.352446e+02 1.352446e+02 
3.000000e-01  0.000000e+00 0.000000e+00  1.402480e+03  1.483714e+02 1.483714e+02 
3.250000e-01  0.000000e+00 0.000000e+00  1.427380e+03  1.409669e+02 1.409669e+02 
3.500000e-01  0.000000e+00 0.000000e+00  1.394390e+03  1.460821e+02 1.460821e+02 
3.750000e-01  0.000000e+00 0.000000e+00  1.360510e+03  1.346451e+02 1.346451e+02 
4.100000e-01  0.000000e+00 0.000000e+00  1.429060e+03  1.364096e+02 1.364096e+02 
4.450000e-01  0.000000e+00 0.000000e+00  1.332930e+03  1.327680e+02 1.327680e+02 
4.800000e-01  0.000000e+00 0.000000e+00  1.339840e+03  1.287422e+02 1.287422e+02 
5.200000e-01  0.000000e+00 0.000000e+00  1.354090e+03  1.303271e+02 1.303271e+02 
5.600000e-01  0.000000e+00 0.000000e+00  1.307550e+03  1.264730e+02 1.264730e+02 
6.000000e-01  0.000000e+00 0.000000e+00  1.264490e+03  1.228006e+02 1.228006e+02 
6.450000e-01  0.000000e+00 0.000000e+00  1.222520e+03  1.158271e+02 1.158271e+02 
6.950000e-01  0.000000e+00 0.000000e+00  1.248950e+03  1.182099e+02 1.182099e+02 
7.450000e-01  0.000000e+00 0.000000e+00  1.175790e+03  1.121204e+02 1.121204e+02 
8.000000e-01  0.000000e+00 0.000000e+00  1.198780e+03  1.121330e+02 1.121330e+02 
8.600000e-01  0.000000e+00 0.000000e+00  1.076740e+03  1.018812e+02 1.018812e+02 
9.250000e-01  0.000000e+00 0.000000e+00  1.053650e+03  9.808263e+01 9.808263e+01 
9.900000e-01  0.000000e+00 0.000000e+00  9.925190e+02  9.148571e+01 9.148571e+01 
1.055000e+00  0.000000e+00 0.000000e+00  8.786140e+02  8.065078e+01 8.065078e+01 
1.130000e+00  0.000000e+00 0.000000e+00  8.438700e+02  7.687623e+01 7.687623e+01 
1.210000e+00  0.000000e+00 0.000000e+00  8.055960e+02  7.365770e+01 7.365770e+01 
1.295000e+00  0.000000e+00 0.000000e+00  7.123710e+02  6.519947e+01 6.519947e+01 
1.380000e+00  0.000000e+00 0.000000e+00  6.864290e+02  6.351251e+01 6.351251e+01 
1.470000e+00  0.000000e+00 0.000000e+00  6.293960e+02  5.757331e+01 5.757331e+01 
1.570000e+00  0.000000e+00 0.000000e+00  6.033710e+02  5.540373e+01 5.540373e+01 
1.670000e+00  0.000000e+00 0.000000e+00  5.206740e+02  4.838561e+01 4.838561e+01 
1.775000e+00  0.000000e+00 0.000000e+00  4.932440e+02  4.568501e+01 4.568501e+01 
1.890000e+00  0.000000e+00 0.000000e+00  4.909740e+02  4.515468e+01 4.515468e+01 
2.010000e+00  0.000000e+00 0.000000e+00  4.336070e+02  4.022459e+01 4.022459e+01 
2.135000e+00  0.000000e+00 0.000000e+00  4.119230e+02  3.781044e+01 3.781044e+01 
2.265000e+00  0.000000e+00 0.000000e+00  3.691090e+02  3.416940e+01 3.416940e+01 
2.405000e+00  0.000000e+00 0.000000e+00  3.599520e+02  3.302725e+01 3.302725e+01 
2.550000e+00  0.000000e+00 0.000000e+00  2.989740e+02  2.806111e+01 2.806111e+01 
2.700000e+00  0.000000e+00 0.000000e+00  2.790380e+02  2.597157e+01 2.597157e+01 
2.860000e+00  0.000000e+00 0.000000e+00  2.583810e+02  2.427489e+01 2.427489e+01 
3.030000e+00  0.000000e+00 0.000000e+00  2.341340e+02  2.193827e+01 2.193827e+01 
3.210000e+00  0.000000e+00 0.000000e+00  2.178080e+02  2.053942e+01 2.053942e+01 
3.395000e+00  0.000000e+00 0.000000e+00  1.957130e+02  1.861065e+01 1.861065e+01 
3.590000e+00  0.000000e+00 0.000000e+00  1.848850e+02  1.752263e+01 1.752263e+01 
3.905000e+00  0.000000e+00 0.000000e+00  1.599860e+02  1.438165e+01 1.438165e+01 
4.355000e+00  0.000000e+00 0.000000e+00  1.196770e+02  1.086670e+01 1.086670e+01 
4.850000e+00  0.000000e+00 0.000000e+00  1.032320e+02  9.437285e+00 9.437285e+00 
5.395000e+00  0.000000e+00 0.000000e+00  8.057600e+01  7.439134e+00 7.439134e+00 
5.990000e+00  0.000000e+00 0.000000e+00  6.935300e+01  6.440478e+00 6.440478e+00 
6.645000e+00  0.000000e+00 0.000000e+00  5.175000e+01  4.878414e+00 4.878414e+00 
7.365000e+00  0.000000e+00 0.000000e+00  3.920600e+01  3.768447e+00 3.768447e+00 
8.155000e+00  0.000000e+00 0.000000e+00  3.436700e+01  3.307453e+00 3.307453e+00 
9.025000e+00  0.000000e+00 0.000000e+00  2.705600e+01  2.584219e+00 2.584219e+00 
9.980000e+00  0.000000e+00 0.000000e+00  2.065200e+01  2.008735e+00 2.008735e+00 
1.102500e+01  0.000000e+00 0.000000e+00  1.650300e+01  1.618825e+00 1.618825e+00 
1.217000e+01  0.000000e+00 0.000000e+00  1.276500e+01  1.280934e+00 1.280934e+00 
1.343000e+01  0.000000e+00 0.000000e+00  1.026600e+01  1.040262e+00 1.040262e+00 
1.481500e+01  0.000000e+00 0.000000e+00  7.496000e+00  7.854468e-01 7.854468e-01 
1.633000e+01  0.000000e+00 0.000000e+00  6.192000e+00  6.574529e-01 6.574529e-01 
1.799000e+01  0.000000e+00 0.000000e+00  4.761000e+00  5.225956e-01 5.225956e-01 
1.981000e+01  0.000000e+00 0.000000e+00  3.437000e+00  3.934015e-01 3.934015e-01 
2.180500e+01  0.000000e+00 0.000000e+00  3.071000e+00  3.388730e-01 3.388730e-01 
2.400000e+01  0.000000e+00 0.000000e+00  2.313000e+00  2.625817e-01 2.625817e-01 
2.640500e+01  0.000000e+00 0.000000e+00  1.871000e+00  2.198338e-01 2.198338e-01 
2.904000e+01  0.000000e+00 0.000000e+00  1.461000e+00  1.785131e-01 1.785131e-01 
3.193000e+01  0.000000e+00 0.000000e+00  1.091000e+00  1.395553e-01 1.395553e-01 
3.509500e+01  0.000000e+00 0.000000e+00  7.820000e-01  1.073783e-01 1.073783e-01 
3.857000e+01  0.000000e+00 0.000000e+00  6.270000e-01  8.897696e-02 8.897696e-02 
4.238000e+01  0.000000e+00 0.000000e+00  5.340000e-01  7.700240e-02 7.700240e-02 
4.655500e+01  0.000000e+00 0.000000e+00  3.540000e-01  5.631572e-02 5.631572e-02 
