# Data from SSDC cosmic rays database www.ssdc.asi.it 
# File generated today 20260804 
# Errors may contain statistic and systematic depending on the options set when drawing the graph 
# Fluxes are multiplied by a power of Energy (or Rigidity) if the option is set when drawing the graph 
# Horizontal errors usually are not uncertanties of the measurement but correspond to binning. See publication. 
#
# GraphTitle: p PAMELA ApJL (2018) 
# XLabel: kinetic energy (GeV) 
# YLabel: flux ((m^{2} s sr GeV)^{-1}) 
#
# Columns: X, XErrorLow, XErrorHigh, Y, YErrorLow, YErrorHigh 
8.850000e-02  0.000000e+00 0.000000e+00  1.334970e+03  1.516652e+02 1.516652e+02 
1.000000e-01  0.000000e+00 0.000000e+00  1.382400e+03  1.642376e+02 1.642376e+02 
1.075000e-01  0.000000e+00 0.000000e+00  1.462200e+03  2.028291e+02 2.028291e+02 
1.150000e-01  0.000000e+00 0.000000e+00  1.682320e+03  1.889200e+02 1.889200e+02 
1.250000e-01  0.000000e+00 0.000000e+00  1.816430e+03  1.840455e+02 1.840455e+02 
1.400000e-01  0.000000e+00 0.000000e+00  2.040190e+03  1.976268e+02 1.976268e+02 
1.550000e-01  0.000000e+00 0.000000e+00  2.343110e+03  2.458835e+02 2.458835e+02 
1.650000e-01  0.000000e+00 0.000000e+00  2.185130e+03  2.300585e+02 2.300585e+02 
1.800000e-01  0.000000e+00 0.000000e+00  2.302660e+03  2.175882e+02 2.175882e+02 
1.999500e-01  0.000000e+00 0.000000e+00  2.484280e+03  2.319881e+02 2.319881e+02 
2.150000e-01  0.000000e+00 0.000000e+00  2.469410e+03  2.353738e+02 2.353738e+02 
2.300000e-01  0.000000e+00 0.000000e+00  2.404780e+03  2.157628e+02 2.157628e+02 
2.500000e-01  0.000000e+00 0.000000e+00  2.452870e+03  2.192868e+02 2.192868e+02 
2.750000e-01  0.000000e+00 0.000000e+00  2.587380e+03  2.245490e+02 2.245490e+02 
3.000000e-01  0.000000e+00 0.000000e+00  2.660620e+03  2.360984e+02 2.360984e+02 
3.250000e-01  0.000000e+00 0.000000e+00  2.614420e+03  2.263473e+02 2.263473e+02 
3.500000e-01  0.000000e+00 0.000000e+00  2.600510e+03  2.303809e+02 2.303809e+02 
3.750000e-01  0.000000e+00 0.000000e+00  2.549030e+03  2.210289e+02 2.210289e+02 
4.100000e-01  0.000000e+00 0.000000e+00  2.443300e+03  2.090477e+02 2.090477e+02 
4.450000e-01  0.000000e+00 0.000000e+00  2.393110e+03  2.075119e+02 2.075119e+02 
4.800000e-01  0.000000e+00 0.000000e+00  2.328820e+03  1.995202e+02 1.995202e+02 
5.200000e-01  0.000000e+00 0.000000e+00  2.201920e+03  1.890494e+02 1.890494e+02 
5.600000e-01  0.000000e+00 0.000000e+00  2.232440e+03  1.914932e+02 1.914932e+02 
6.000000e-01  0.000000e+00 0.000000e+00  2.110880e+03  1.815580e+02 1.815580e+02 
6.450000e-01  0.000000e+00 0.000000e+00  2.013550e+03  1.717009e+02 1.717009e+02 
6.950000e-01  0.000000e+00 0.000000e+00  1.843380e+03  1.576820e+02 1.576820e+02 
7.450000e-01  0.000000e+00 0.000000e+00  1.802870e+03  1.542429e+02 1.542429e+02 
8.000000e-01  0.000000e+00 0.000000e+00  1.749200e+03  1.489987e+02 1.489987e+02 
8.600000e-01  0.000000e+00 0.000000e+00  1.570680e+03  1.342117e+02 1.342117e+02 
9.250000e-01  0.000000e+00 0.000000e+00  1.500110e+03  1.276538e+02 1.276538e+02 
9.900000e-01  0.000000e+00 0.000000e+00  1.409330e+03  1.199294e+02 1.199294e+02 
1.055000e+00  0.000000e+00 0.000000e+00  1.335050e+03  1.131309e+02 1.131309e+02 
1.130000e+00  0.000000e+00 0.000000e+00  1.194440e+03  1.011190e+02 1.011190e+02 
1.210000e+00  0.000000e+00 0.000000e+00  1.130490e+03  9.589596e+01 9.589596e+01 
1.295000e+00  0.000000e+00 0.000000e+00  1.043880e+03  8.841431e+01 8.841431e+01 
1.380000e+00  0.000000e+00 0.000000e+00  9.385920e+02  8.011984e+01 8.011984e+01 
1.470000e+00  0.000000e+00 0.000000e+00  8.958750e+02  7.598697e+01 7.598697e+01 
1.570000e+00  0.000000e+00 0.000000e+00  8.188010e+02  6.969494e+01 6.969494e+01 
1.670000e+00  0.000000e+00 0.000000e+00  7.418160e+02  6.337549e+01 6.337549e+01 
1.775000e+00  0.000000e+00 0.000000e+00  6.732810e+02  5.744889e+01 5.744889e+01 
1.890000e+00  0.000000e+00 0.000000e+00  6.318630e+02  5.389908e+01 5.389908e+01 
2.010000e+00  0.000000e+00 0.000000e+00  5.751420e+02  4.930274e+01 4.930274e+01 
2.135000e+00  0.000000e+00 0.000000e+00  5.193750e+02  4.432815e+01 4.432815e+01 
2.265000e+00  0.000000e+00 0.000000e+00  4.682520e+02  4.013091e+01 4.013091e+01 
2.405000e+00  0.000000e+00 0.000000e+00  4.420580e+02  3.777545e+01 3.777545e+01 
2.550000e+00  0.000000e+00 0.000000e+00  3.828320e+02  3.299983e+01 3.299983e+01 
2.700000e+00  0.000000e+00 0.000000e+00  3.463940e+02  2.979852e+01 2.979852e+01 
2.860000e+00  0.000000e+00 0.000000e+00  3.172100e+02  2.735754e+01 2.735754e+01 
3.030000e+00  0.000000e+00 0.000000e+00  2.952530e+02  2.543561e+01 2.543561e+01 
3.210000e+00  0.000000e+00 0.000000e+00  2.623020e+02  2.269795e+01 2.269795e+01 
3.395000e+00  0.000000e+00 0.000000e+00  2.385990e+02  2.067767e+01 2.067767e+01 
3.590000e+00  0.000000e+00 0.000000e+00  2.045080e+02  1.781824e+01 1.781824e+01 
3.905000e+00  0.000000e+00 0.000000e+00  1.781140e+02  1.510925e+01 1.510925e+01 
4.355000e+00  0.000000e+00 0.000000e+00  1.505640e+02  1.281102e+01 1.281102e+01 
4.850000e+00  0.000000e+00 0.000000e+00  1.177860e+02  1.007221e+01 1.007221e+01 
5.395000e+00  0.000000e+00 0.000000e+00  9.476300e+01  8.142664e+00 8.142664e+00 
5.990000e+00  0.000000e+00 0.000000e+00  7.483900e+01  6.463236e+00 6.463236e+00 
6.645000e+00  0.000000e+00 0.000000e+00  5.947300e+01  5.158102e+00 5.158102e+00 
7.365000e+00  0.000000e+00 0.000000e+00  4.596200e+01  4.025628e+00 4.025628e+00 
8.155000e+00  0.000000e+00 0.000000e+00  3.706400e+01  3.260874e+00 3.260874e+00 
9.025000e+00  0.000000e+00 0.000000e+00  2.875300e+01  2.523764e+00 2.523764e+00 
9.980000e+00  0.000000e+00 0.000000e+00  2.269700e+01  2.004318e+00 2.004318e+00 
1.102500e+01  0.000000e+00 0.000000e+00  1.837600e+01  1.637923e+00 1.637923e+00 
1.217000e+01  0.000000e+00 0.000000e+00  1.398500e+01  1.257569e+00 1.257569e+00 
1.343000e+01  0.000000e+00 0.000000e+00  1.022900e+01  9.339846e-01 9.339846e-01 
1.481500e+01  0.000000e+00 0.000000e+00  8.623000e+00  7.926335e-01 7.926335e-01 
1.633000e+01  0.000000e+00 0.000000e+00  6.927000e+00  6.420847e-01 6.420847e-01 
1.799000e+01  0.000000e+00 0.000000e+00  4.854000e+00  4.580049e-01 4.580049e-01 
1.981000e+01  0.000000e+00 0.000000e+00  3.811000e+00  3.661875e-01 3.661875e-01 
2.180500e+01  0.000000e+00 0.000000e+00  2.998000e+00  2.864708e-01 2.864708e-01 
2.400000e+01  0.000000e+00 0.000000e+00  2.332000e+00  2.270069e-01 2.270069e-01 
2.640500e+01  0.000000e+00 0.000000e+00  1.712000e+00  1.711952e-01 1.711952e-01 
2.904000e+01  0.000000e+00 0.000000e+00  1.358000e+00  1.382462e-01 1.382462e-01 
3.193000e+01  0.000000e+00 0.000000e+00  1.111000e+00  1.147774e-01 1.147774e-01 
3.509500e+01  0.000000e+00 0.000000e+00  8.500000e-01  9.018941e-02 9.018941e-02 
3.857000e+01  0.000000e+00 0.000000e+00  6.530000e-01  7.159902e-02 7.159902e-02 
4.238000e+01  0.000000e+00 0.000000e+00  4.850000e-01  5.460586e-02 5.460586e-02 
4.655500e+01  0.000000e+00 0.000000e+00  3.760000e-01  4.388770e-02 4.388770e-02 
