# Data from SSDC cosmic rays database www.ssdc.asi.it 
# File generated today 20260804 
# Errors may contain statistic and systematic depending on the options set when drawing the graph 
# Fluxes are multiplied by a power of Energy (or Rigidity) if the option is set when drawing the graph 
# Horizontal errors usually are not uncertanties of the measurement but correspond to binning. See publication. 
#
# GraphTitle: p PAMELA ApJL (2018) 
# XLabel: kinetic energy (GeV) 
# YLabel: flux ((m^{2} s sr GeV)^{-1}) 
#
# Columns: X, XErrorLow, XErrorHigh, Y, YErrorLow, YErrorHigh 
8.850000e-02  0.000000e+00 0.000000e+00  2.472490e+02  3.969999e+01 3.969999e+01 
1.000000e-01  0.000000e+00 0.000000e+00  3.333960e+02  5.271439e+01 5.271439e+01 
1.075000e-01  0.000000e+00 0.000000e+00  3.803720e+02  7.261026e+01 7.261026e+01 
1.150000e-01  0.000000e+00 0.000000e+00  3.930070e+02  5.865048e+01 5.865048e+01 
1.250000e-01  0.000000e+00 0.000000e+00  4.600280e+02  6.200882e+01 6.200882e+01 
1.400000e-01  0.000000e+00 0.000000e+00  5.686100e+02  6.421861e+01 6.421861e+01 
1.550000e-01  0.000000e+00 0.000000e+00  5.281480e+02  7.086235e+01 7.086235e+01 
1.650000e-01  0.000000e+00 0.000000e+00  5.890990e+02  7.598172e+01 7.598172e+01 
1.800000e-01  0.000000e+00 0.000000e+00  6.117420e+02  6.661181e+01 6.661181e+01 
1.999500e-01  0.000000e+00 0.000000e+00  6.505350e+02  6.948359e+01 6.948359e+01 
2.150000e-01  0.000000e+00 0.000000e+00  6.292790e+02  6.911469e+01 6.911469e+01 
2.300000e-01  0.000000e+00 0.000000e+00  6.636020e+02  6.495062e+01 6.495062e+01 
2.500000e-01  0.000000e+00 0.000000e+00  6.745060e+02  6.562904e+01 6.562904e+01 
2.750000e-01  0.000000e+00 0.000000e+00  7.324440e+02  6.761677e+01 6.761677e+01 
3.000000e-01  0.000000e+00 0.000000e+00  7.562320e+02  7.260898e+01 7.260898e+01 
3.250000e-01  0.000000e+00 0.000000e+00  7.770170e+02  7.127004e+01 7.127004e+01 
3.500000e-01  0.000000e+00 0.000000e+00  7.873830e+02  7.478948e+01 7.478948e+01 
3.750000e-01  0.000000e+00 0.000000e+00  7.730660e+02  7.063511e+01 7.063511e+01 
4.100000e-01  0.000000e+00 0.000000e+00  8.013110e+02  7.147835e+01 7.147835e+01 
4.450000e-01  0.000000e+00 0.000000e+00  8.242860e+02  7.507892e+01 7.507892e+01 
4.800000e-01  0.000000e+00 0.000000e+00  7.971220e+02  7.091096e+01 7.091096e+01 
5.200000e-01  0.000000e+00 0.000000e+00  7.686840e+02  6.865801e+01 6.865801e+01 
5.600000e-01  0.000000e+00 0.000000e+00  8.179480e+02  7.272433e+01 7.272433e+01 
6.000000e-01  0.000000e+00 0.000000e+00  8.009010e+02  7.131839e+01 7.131839e+01 
6.450000e-01  0.000000e+00 0.000000e+00  7.861690e+02  6.916726e+01 6.916726e+01 
6.950000e-01  0.000000e+00 0.000000e+00  8.001900e+02  7.039050e+01 7.039050e+01 
7.450000e-01  0.000000e+00 0.000000e+00  7.677980e+02  6.764795e+01 6.764795e+01 
8.000000e-01  0.000000e+00 0.000000e+00  7.769690e+02  6.775867e+01 6.775867e+01 
8.600000e-01  0.000000e+00 0.000000e+00  7.564080e+02  6.599156e+01 6.599156e+01 
9.250000e-01  0.000000e+00 0.000000e+00  7.214130e+02  6.259034e+01 6.259034e+01 
9.900000e-01  0.000000e+00 0.000000e+00  7.060220e+02  6.111699e+01 6.111699e+01 
1.055000e+00  0.000000e+00 0.000000e+00  6.612270e+02  5.708685e+01 5.708685e+01 
1.130000e+00  0.000000e+00 0.000000e+00  6.607310e+02  5.672420e+01 5.672420e+01 
1.210000e+00  0.000000e+00 0.000000e+00  6.172920e+02  5.316649e+01 5.316649e+01 
1.295000e+00  0.000000e+00 0.000000e+00  5.886340e+02  5.058611e+01 5.058611e+01 
1.380000e+00  0.000000e+00 0.000000e+00  5.638340e+02  4.879232e+01 4.879232e+01 
1.470000e+00  0.000000e+00 0.000000e+00  5.327290e+02  4.578394e+01 4.578394e+01 
1.570000e+00  0.000000e+00 0.000000e+00  5.093260e+02  4.386378e+01 4.386378e+01 
1.670000e+00  0.000000e+00 0.000000e+00  4.703760e+02  4.064724e+01 4.064724e+01 
1.775000e+00  0.000000e+00 0.000000e+00  4.477760e+02  3.860608e+01 3.860608e+01 
1.890000e+00  0.000000e+00 0.000000e+00  4.137730e+02  3.565950e+01 3.565950e+01 
2.010000e+00  0.000000e+00 0.000000e+00  3.949260e+02  3.412356e+01 3.412356e+01 
2.135000e+00  0.000000e+00 0.000000e+00  3.553150e+02  3.063372e+01 3.063372e+01 
2.265000e+00  0.000000e+00 0.000000e+00  3.311800e+02  2.861976e+01 2.861976e+01 
2.405000e+00  0.000000e+00 0.000000e+00  3.132150e+02  2.698332e+01 2.698332e+01 
2.550000e+00  0.000000e+00 0.000000e+00  2.913230e+02  2.529445e+01 2.529445e+01 
2.700000e+00  0.000000e+00 0.000000e+00  2.722030e+02  2.355443e+01 2.355443e+01 
2.860000e+00  0.000000e+00 0.000000e+00  2.414160e+02  2.099511e+01 2.099511e+01 
3.030000e+00  0.000000e+00 0.000000e+00  2.314970e+02  2.002982e+01 2.002982e+01 
3.210000e+00  0.000000e+00 0.000000e+00  2.003280e+02  1.746273e+01 1.746273e+01 
3.395000e+00  0.000000e+00 0.000000e+00  1.836490e+02  1.605522e+01 1.605522e+01 
3.590000e+00  0.000000e+00 0.000000e+00  1.773310e+02  1.549661e+01 1.549661e+01 
3.905000e+00  0.000000e+00 0.000000e+00  1.473240e+02  1.253429e+01 1.253429e+01 
4.355000e+00  0.000000e+00 0.000000e+00  1.245210e+02  1.061973e+01 1.061973e+01 
4.850000e+00  0.000000e+00 0.000000e+00  9.867400e+01  8.458422e+00 8.458422e+00 
5.395000e+00  0.000000e+00 0.000000e+00  8.450100e+01  7.263645e+00 7.263645e+00 
5.990000e+00  0.000000e+00 0.000000e+00  6.733200e+01  5.823474e+00 5.823474e+00 
6.645000e+00  0.000000e+00 0.000000e+00  5.398500e+01  4.684822e+00 4.684822e+00 
7.365000e+00  0.000000e+00 0.000000e+00  4.346800e+01  3.796603e+00 3.796603e+00 
8.155000e+00  0.000000e+00 0.000000e+00  3.348900e+01  2.946289e+00 2.946289e+00 
9.025000e+00  0.000000e+00 0.000000e+00  2.770600e+01  2.427691e+00 2.427691e+00 
9.980000e+00  0.000000e+00 0.000000e+00  2.157100e+01  1.906171e+00 1.906171e+00 
1.102500e+01  0.000000e+00 0.000000e+00  1.696500e+01  1.508805e+00 1.508805e+00 
1.217000e+01  0.000000e+00 0.000000e+00  1.334700e+01  1.197650e+00 1.197650e+00 
1.343000e+01  0.000000e+00 0.000000e+00  1.048300e+01  9.471854e-01 9.471854e-01 
1.481500e+01  0.000000e+00 0.000000e+00  8.255000e+00  7.532398e-01 7.532398e-01 
1.633000e+01  0.000000e+00 0.000000e+00  6.177000e+00  5.712152e-01 5.712152e-01 
1.799000e+01  0.000000e+00 0.000000e+00  4.990000e+00  4.673730e-01 4.673730e-01 
1.981000e+01  0.000000e+00 0.000000e+00  3.688000e+00  3.512978e-01 3.512978e-01 
2.180500e+01  0.000000e+00 0.000000e+00  2.982000e+00  2.833257e-01 2.833257e-01 
2.400000e+01  0.000000e+00 0.000000e+00  2.204000e+00  2.147196e-01 2.147196e-01 
2.640500e+01  0.000000e+00 0.000000e+00  1.790000e+00  1.776065e-01 1.776065e-01 
2.904000e+01  0.000000e+00 0.000000e+00  1.419000e+00  1.422530e-01 1.422530e-01 
3.193000e+01  0.000000e+00 0.000000e+00  1.061000e+00  1.093933e-01 1.093933e-01 
3.509500e+01  0.000000e+00 0.000000e+00  8.300000e-01  8.689879e-02 8.689879e-02 
3.857000e+01  0.000000e+00 0.000000e+00  6.540000e-01  7.035489e-02 7.035489e-02 
4.238000e+01  0.000000e+00 0.000000e+00  4.810000e-01  5.380130e-02 5.380130e-02 
4.655500e+01  0.000000e+00 0.000000e+00  3.870000e-01  4.427923e-02 4.427923e-02 
