# Data from SSDC cosmic rays database www.ssdc.asi.it 
# File generated today 20260804 
# Errors may contain statistic and systematic depending on the options set when drawing the graph 
# Fluxes are multiplied by a power of Energy (or Rigidity) if the option is set when drawing the graph 
# Horizontal errors usually are not uncertanties of the measurement but correspond to binning. See publication. 
#
# GraphTitle: p PAMELA ApJL (2018) 
# XLabel: kinetic energy (GeV) 
# YLabel: flux ((m^{2} s sr GeV)^{-1}) 
#
# Columns: X, XErrorLow, XErrorHigh, Y, YErrorLow, YErrorHigh 
8.850000e-02  0.000000e+00 0.000000e+00  3.339470e+02  5.459654e+01 5.459654e+01 
1.000000e-01  0.000000e+00 0.000000e+00  4.159460e+02  6.900422e+01 6.900422e+01 
1.075000e-01  0.000000e+00 0.000000e+00  3.450660e+02  7.882221e+01 7.882221e+01 
1.150000e-01  0.000000e+00 0.000000e+00  4.385290e+02  6.990893e+01 6.990893e+01 
1.250000e-01  0.000000e+00 0.000000e+00  4.945740e+02  7.214705e+01 7.214705e+01 
1.400000e-01  0.000000e+00 0.000000e+00  5.526290e+02  6.643238e+01 6.643238e+01 
1.550000e-01  0.000000e+00 0.000000e+00  5.421230e+02  7.833504e+01 7.833504e+01 
1.650000e-01  0.000000e+00 0.000000e+00  6.026540e+02  8.385849e+01 8.385849e+01 
1.800000e-01  0.000000e+00 0.000000e+00  6.255100e+02  7.209082e+01 7.209082e+01 
1.999500e-01  0.000000e+00 0.000000e+00  6.687700e+02  7.578106e+01 7.578106e+01 
2.150000e-01  0.000000e+00 0.000000e+00  6.352540e+02  7.353814e+01 7.353814e+01 
2.300000e-01  0.000000e+00 0.000000e+00  6.431780e+02  6.544882e+01 6.544882e+01 
2.500000e-01  0.000000e+00 0.000000e+00  7.038980e+02  7.068295e+01 7.068295e+01 
2.750000e-01  0.000000e+00 0.000000e+00  7.443020e+02  7.062251e+01 7.062251e+01 
3.000000e-01  0.000000e+00 0.000000e+00  7.420290e+02  7.373163e+01 7.373163e+01 
3.250000e-01  0.000000e+00 0.000000e+00  7.342360e+02  6.958400e+01 6.958400e+01 
3.500000e-01  0.000000e+00 0.000000e+00  7.402570e+02  7.333742e+01 7.333742e+01 
3.750000e-01  0.000000e+00 0.000000e+00  7.746390e+02  7.301931e+01 7.301931e+01 
4.100000e-01  0.000000e+00 0.000000e+00  7.513460e+02  6.888802e+01 6.888802e+01 
4.450000e-01  0.000000e+00 0.000000e+00  7.797130e+02  7.286470e+01 7.286470e+01 
4.800000e-01  0.000000e+00 0.000000e+00  7.706700e+02  7.027580e+01 7.027580e+01 
5.200000e-01  0.000000e+00 0.000000e+00  7.734710e+02  7.061503e+01 7.061503e+01 
5.600000e-01  0.000000e+00 0.000000e+00  7.747490e+02  7.060898e+01 7.060898e+01 
6.000000e-01  0.000000e+00 0.000000e+00  7.590160e+02  6.938227e+01 6.938227e+01 
6.450000e-01  0.000000e+00 0.000000e+00  7.761850e+02  6.963203e+01 6.963203e+01 
6.950000e-01  0.000000e+00 0.000000e+00  7.391410e+02  6.655845e+01 6.655845e+01 
7.450000e-01  0.000000e+00 0.000000e+00  7.183880e+02  6.485651e+01 6.485651e+01 
8.000000e-01  0.000000e+00 0.000000e+00  7.193200e+02  6.412928e+01 6.412928e+01 
8.600000e-01  0.000000e+00 0.000000e+00  7.117800e+02  6.360047e+01 6.360047e+01 
9.250000e-01  0.000000e+00 0.000000e+00  6.636050e+02  5.892279e+01 5.892279e+01 
9.900000e-01  0.000000e+00 0.000000e+00  6.460670e+02  5.705660e+01 5.705660e+01 
1.055000e+00  0.000000e+00 0.000000e+00  6.220880e+02  5.459963e+01 5.459963e+01 
1.130000e+00  0.000000e+00 0.000000e+00  6.006300e+02  5.246464e+01 5.246464e+01 
1.210000e+00  0.000000e+00 0.000000e+00  5.615110e+02  4.920012e+01 4.920012e+01 
1.295000e+00  0.000000e+00 0.000000e+00  5.487610e+02  4.790703e+01 4.790703e+01 
1.380000e+00  0.000000e+00 0.000000e+00  4.966220e+02  4.385729e+01 4.385729e+01 
1.470000e+00  0.000000e+00 0.000000e+00  4.889570e+02  4.272035e+01 4.272035e+01 
1.570000e+00  0.000000e+00 0.000000e+00  4.459670e+02  3.919327e+01 3.919327e+01 
1.670000e+00  0.000000e+00 0.000000e+00  4.350860e+02  3.821942e+01 3.821942e+01 
1.775000e+00  0.000000e+00 0.000000e+00  3.916370e+02  3.447877e+01 3.447877e+01 
1.890000e+00  0.000000e+00 0.000000e+00  3.705060e+02  3.250643e+01 3.250643e+01 
2.010000e+00  0.000000e+00 0.000000e+00  3.401640e+02  3.000728e+01 3.000728e+01 
2.135000e+00  0.000000e+00 0.000000e+00  3.328280e+02  2.907836e+01 2.907836e+01 
2.265000e+00  0.000000e+00 0.000000e+00  3.144740e+02  2.757015e+01 2.757015e+01 
2.405000e+00  0.000000e+00 0.000000e+00  2.905480e+02  2.540222e+01 2.540222e+01 
2.550000e+00  0.000000e+00 0.000000e+00  2.715900e+02  2.393488e+01 2.393488e+01 
2.700000e+00  0.000000e+00 0.000000e+00  2.508500e+02  2.203718e+01 2.203718e+01 
2.860000e+00  0.000000e+00 0.000000e+00  2.231790e+02  1.972613e+01 1.972613e+01 
3.030000e+00  0.000000e+00 0.000000e+00  2.066120e+02  1.821760e+01 1.821760e+01 
3.210000e+00  0.000000e+00 0.000000e+00  1.885540e+02  1.668908e+01 1.668908e+01 
3.395000e+00  0.000000e+00 0.000000e+00  1.797490e+02  1.592413e+01 1.592413e+01 
3.590000e+00  0.000000e+00 0.000000e+00  1.628150e+02  1.447893e+01 1.447893e+01 
3.905000e+00  0.000000e+00 0.000000e+00  1.398470e+02  1.202536e+01 1.202536e+01 
4.355000e+00  0.000000e+00 0.000000e+00  1.149300e+02  9.933795e+00 9.933795e+00 
4.850000e+00  0.000000e+00 0.000000e+00  9.577800e+01  8.308051e+00 8.308051e+00 
5.395000e+00  0.000000e+00 0.000000e+00  8.094900e+01  7.050233e+00 7.050233e+00 
5.990000e+00  0.000000e+00 0.000000e+00  6.408400e+01  5.616758e+00 5.616758e+00 
6.645000e+00  0.000000e+00 0.000000e+00  5.025300e+01  4.426661e+00 4.426661e+00 
7.365000e+00  0.000000e+00 0.000000e+00  4.276700e+01  3.786237e+00 3.786237e+00 
8.155000e+00  0.000000e+00 0.000000e+00  3.260900e+01  2.914364e+00 2.914364e+00 
9.025000e+00  0.000000e+00 0.000000e+00  2.629700e+01  2.338681e+00 2.338681e+00 
9.980000e+00  0.000000e+00 0.000000e+00  2.105200e+01  1.887042e+00 1.887042e+00 
1.102500e+01  0.000000e+00 0.000000e+00  1.700000e+01  1.535809e+00 1.535809e+00 
1.217000e+01  0.000000e+00 0.000000e+00  1.334900e+01  1.215335e+00 1.215335e+00 
1.343000e+01  0.000000e+00 0.000000e+00  1.064500e+01  9.788156e-01 9.788156e-01 
1.481500e+01  0.000000e+00 0.000000e+00  8.362000e+00  7.787171e-01 7.787171e-01 
1.633000e+01  0.000000e+00 0.000000e+00  6.278000e+00  5.924786e-01 5.924786e-01 
1.799000e+01  0.000000e+00 0.000000e+00  5.067000e+00  4.838388e-01 4.838388e-01 
1.981000e+01  0.000000e+00 0.000000e+00  3.958000e+00  3.842227e-01 3.842227e-01 
2.180500e+01  0.000000e+00 0.000000e+00  2.933000e+00  2.862298e-01 2.862298e-01 
2.400000e+01  0.000000e+00 0.000000e+00  2.209000e+00  2.215727e-01 2.215727e-01 
2.640500e+01  0.000000e+00 0.000000e+00  1.741000e+00  1.773026e-01 1.773026e-01 
2.904000e+01  0.000000e+00 0.000000e+00  1.448000e+00  1.496401e-01 1.496401e-01 
3.193000e+01  0.000000e+00 0.000000e+00  1.141000e+00  1.208699e-01 1.208699e-01 
3.509500e+01  0.000000e+00 0.000000e+00  7.990000e-01  8.850904e-02 8.850904e-02 
3.857000e+01  0.000000e+00 0.000000e+00  6.130000e-01  6.990916e-02 6.990916e-02 
4.238000e+01  0.000000e+00 0.000000e+00  4.420000e-01  5.272741e-02 5.272741e-02 
4.655500e+01  0.000000e+00 0.000000e+00  3.680000e-01  4.470984e-02 4.470984e-02 
