# Data from SSDC cosmic rays database www.ssdc.asi.it 
# File generated today 20260804 
# Errors may contain statistic and systematic depending on the options set when drawing the graph 
# Fluxes are multiplied by a power of Energy (or Rigidity) if the option is set when drawing the graph 
# Horizontal errors usually are not uncertanties of the measurement but correspond to binning. See publication. 
#
# GraphTitle: p PAMELA ApJL (2018) 
# XLabel: kinetic energy (GeV) 
# YLabel: flux ((m^{2} s sr GeV)^{-1}) 
#
# Columns: X, XErrorLow, XErrorHigh, Y, YErrorLow, YErrorHigh 
8.850000e-02  0.000000e+00 0.000000e+00  2.836120e+02  5.580657e+01 5.580657e+01 
1.000000e-01  0.000000e+00 0.000000e+00  2.426580e+02  5.550689e+01 5.550689e+01 
1.075000e-01  0.000000e+00 0.000000e+00  2.850060e+02  7.872724e+01 7.872724e+01 
1.150000e-01  0.000000e+00 0.000000e+00  2.510610e+02  5.363298e+01 5.363298e+01 
1.250000e-01  0.000000e+00 0.000000e+00  2.606020e+02  5.201686e+01 5.201686e+01 
1.400000e-01  0.000000e+00 0.000000e+00  3.251110e+02  4.789803e+01 4.789803e+01 
1.550000e-01  0.000000e+00 0.000000e+00  3.428210e+02  6.248952e+01 6.248952e+01 
1.650000e-01  0.000000e+00 0.000000e+00  3.644920e+02  6.409156e+01 6.409156e+01 
1.800000e-01  0.000000e+00 0.000000e+00  3.579790e+02  4.972604e+01 4.972604e+01 
1.999500e-01  0.000000e+00 0.000000e+00  3.911930e+02  5.253250e+01 5.253250e+01 
2.150000e-01  0.000000e+00 0.000000e+00  3.722640e+02  5.144653e+01 5.144653e+01 
2.300000e-01  0.000000e+00 0.000000e+00  3.835490e+02  4.433196e+01 4.433196e+01 
2.500000e-01  0.000000e+00 0.000000e+00  3.986490e+02  4.497847e+01 4.497847e+01 
2.750000e-01  0.000000e+00 0.000000e+00  4.944730e+02  5.013646e+01 5.013646e+01 
3.000000e-01  0.000000e+00 0.000000e+00  4.629510e+02  5.086622e+01 5.086622e+01 
3.250000e-01  0.000000e+00 0.000000e+00  4.659440e+02  4.720043e+01 4.720043e+01 
3.500000e-01  0.000000e+00 0.000000e+00  4.906040e+02  5.249325e+01 5.249325e+01 
3.750000e-01  0.000000e+00 0.000000e+00  4.936500e+02  4.950473e+01 4.950473e+01 
4.100000e-01  0.000000e+00 0.000000e+00  5.032750e+02  4.829700e+01 4.829700e+01 
4.450000e-01  0.000000e+00 0.000000e+00  5.266930e+02  5.215732e+01 5.215732e+01 
4.800000e-01  0.000000e+00 0.000000e+00  5.053410e+02  4.852478e+01 4.852478e+01 
5.200000e-01  0.000000e+00 0.000000e+00  5.719940e+02  5.429727e+01 5.429727e+01 
5.600000e-01  0.000000e+00 0.000000e+00  5.856830e+02  5.549247e+01 5.549247e+01 
6.000000e-01  0.000000e+00 0.000000e+00  5.423770e+02  5.197522e+01 5.197522e+01 
6.450000e-01  0.000000e+00 0.000000e+00  5.331720e+02  4.972840e+01 4.972840e+01 
6.950000e-01  0.000000e+00 0.000000e+00  5.625940e+02  5.223363e+01 5.223363e+01 
7.450000e-01  0.000000e+00 0.000000e+00  5.318950e+02  4.958128e+01 4.958128e+01 
8.000000e-01  0.000000e+00 0.000000e+00  5.480630e+02  5.018631e+01 5.018631e+01 
8.600000e-01  0.000000e+00 0.000000e+00  5.695990e+02  5.212512e+01 5.212512e+01 
9.250000e-01  0.000000e+00 0.000000e+00  5.471780e+02  4.953827e+01 4.953827e+01 
9.900000e-01  0.000000e+00 0.000000e+00  5.433540e+02  4.873155e+01 4.873155e+01 
1.055000e+00  0.000000e+00 0.000000e+00  5.227190e+02  4.665506e+01 4.665506e+01 
1.130000e+00  0.000000e+00 0.000000e+00  5.127710e+02  4.539512e+01 4.539512e+01 
1.210000e+00  0.000000e+00 0.000000e+00  4.834790e+02  4.299379e+01 4.299379e+01 
1.295000e+00  0.000000e+00 0.000000e+00  4.865620e+02  4.287364e+01 4.287364e+01 
1.380000e+00  0.000000e+00 0.000000e+00  4.529360e+02  4.041659e+01 4.041659e+01 
1.470000e+00  0.000000e+00 0.000000e+00  4.304490e+02  3.801332e+01 3.801332e+01 
1.570000e+00  0.000000e+00 0.000000e+00  4.117310e+02  3.649256e+01 3.649256e+01 
1.670000e+00  0.000000e+00 0.000000e+00  3.975270e+02  3.533911e+01 3.533911e+01 
1.775000e+00  0.000000e+00 0.000000e+00  3.699310e+02  3.283364e+01 3.283364e+01 
1.890000e+00  0.000000e+00 0.000000e+00  3.598950e+02  3.177255e+01 3.177255e+01 
2.010000e+00  0.000000e+00 0.000000e+00  3.289050e+02  2.925069e+01 2.925069e+01 
2.135000e+00  0.000000e+00 0.000000e+00  3.147020e+02  2.775059e+01 2.775059e+01 
2.265000e+00  0.000000e+00 0.000000e+00  3.011910e+02  2.664454e+01 2.664454e+01 
2.405000e+00  0.000000e+00 0.000000e+00  2.726850e+02  2.403168e+01 2.403168e+01 
2.550000e+00  0.000000e+00 0.000000e+00  2.570160e+02  2.284907e+01 2.284907e+01 
2.700000e+00  0.000000e+00 0.000000e+00  2.282530e+02  2.023596e+01 2.023596e+01 
2.860000e+00  0.000000e+00 0.000000e+00  2.199330e+02  1.955041e+01 1.955041e+01 
3.030000e+00  0.000000e+00 0.000000e+00  2.025230e+02  1.799863e+01 1.799863e+01 
3.210000e+00  0.000000e+00 0.000000e+00  1.920910e+02  1.715879e+01 1.715879e+01 
3.395000e+00  0.000000e+00 0.000000e+00  1.778890e+02  1.585618e+01 1.585618e+01 
3.590000e+00  0.000000e+00 0.000000e+00  1.511260e+02  1.355995e+01 1.355995e+01 
3.905000e+00  0.000000e+00 0.000000e+00  1.419920e+02  1.225401e+01 1.225401e+01 
4.355000e+00  0.000000e+00 0.000000e+00  1.146580e+02  9.946869e+00 9.946869e+00 
4.850000e+00  0.000000e+00 0.000000e+00  9.780100e+01  8.508579e+00 8.508579e+00 
5.395000e+00  0.000000e+00 0.000000e+00  8.278400e+01  7.240670e+00 7.240670e+00 
5.990000e+00  0.000000e+00 0.000000e+00  6.289500e+01  5.549740e+00 5.549740e+00 
6.645000e+00  0.000000e+00 0.000000e+00  5.137200e+01  4.547549e+00 4.547549e+00 
7.365000e+00  0.000000e+00 0.000000e+00  4.190900e+01  3.739281e+00 3.739281e+00 
8.155000e+00  0.000000e+00 0.000000e+00  3.317700e+01  2.991458e+00 2.991458e+00 
9.025000e+00  0.000000e+00 0.000000e+00  2.751400e+01  2.455425e+00 2.455425e+00 
9.980000e+00  0.000000e+00 0.000000e+00  2.145700e+01  1.932925e+00 1.932925e+00 
1.102500e+01  0.000000e+00 0.000000e+00  1.731400e+01  1.571049e+00 1.571049e+00 
1.217000e+01  0.000000e+00 0.000000e+00  1.362300e+01  1.251968e+00 1.251968e+00 
1.343000e+01  0.000000e+00 0.000000e+00  1.078200e+01  9.981182e-01 9.981182e-01 
1.481500e+01  0.000000e+00 0.000000e+00  8.266000e+00  7.763575e-01 7.763575e-01 
1.633000e+01  0.000000e+00 0.000000e+00  6.352000e+00  6.039304e-01 6.039304e-01 
1.799000e+01  0.000000e+00 0.000000e+00  4.961000e+00  4.799630e-01 4.799630e-01 
1.981000e+01  0.000000e+00 0.000000e+00  3.880000e+00  3.807346e-01 3.807346e-01 
2.180500e+01  0.000000e+00 0.000000e+00  2.847000e+00  2.810782e-01 2.810782e-01 
2.400000e+01  0.000000e+00 0.000000e+00  2.214000e+00  2.234674e-01 2.234674e-01 
2.640500e+01  0.000000e+00 0.000000e+00  1.873000e+00  1.940718e-01 1.940718e-01 
2.904000e+01  0.000000e+00 0.000000e+00  1.456000e+00  1.550211e-01 1.550211e-01 
3.193000e+01  0.000000e+00 0.000000e+00  1.113000e+00  1.200547e-01 1.200547e-01 
3.509500e+01  0.000000e+00 0.000000e+00  8.290000e-01  9.364833e-02 9.364833e-02 
3.857000e+01  0.000000e+00 0.000000e+00  6.400000e-01  7.361556e-02 7.361556e-02 
4.238000e+01  0.000000e+00 0.000000e+00  4.880000e-01  5.786623e-02 5.786623e-02 
4.655500e+01  0.000000e+00 0.000000e+00  3.450000e-01  4.310452e-02 4.310452e-02 
