# Data from SSDC cosmic rays database www.ssdc.asi.it 
# File generated today 20260804 
# Errors may contain statistic and systematic depending on the options set when drawing the graph 
# Fluxes are multiplied by a power of Energy (or Rigidity) if the option is set when drawing the graph 
# Horizontal errors usually are not uncertanties of the measurement but correspond to binning. See publication. 
#
# GraphTitle: p PAMELA ApJL (2018) 
# XLabel: kinetic energy (GeV) 
# YLabel: flux ((m^{2} s sr GeV)^{-1}) 
#
# Columns: X, XErrorLow, XErrorHigh, Y, YErrorLow, YErrorHigh 
8.850000e-02  0.000000e+00 0.000000e+00  7.533100e+02  1.047939e+02 1.047939e+02 
1.000000e-01  0.000000e+00 0.000000e+00  7.243320e+02  1.094000e+02 1.094000e+02 
1.075000e-01  0.000000e+00 0.000000e+00  7.465460e+02  1.413533e+02 1.413533e+02 
1.150000e-01  0.000000e+00 0.000000e+00  7.692240e+02  1.119512e+02 1.119512e+02 
1.250000e-01  0.000000e+00 0.000000e+00  8.022860e+02  1.085355e+02 1.085355e+02 
1.400000e-01  0.000000e+00 0.000000e+00  9.023120e+02  1.035843e+02 1.035843e+02 
1.550000e-01  0.000000e+00 0.000000e+00  9.591110e+02  1.264703e+02 1.264703e+02 
1.650000e-01  0.000000e+00 0.000000e+00  9.493360e+02  1.249738e+02 1.249738e+02 
1.800000e-01  0.000000e+00 0.000000e+00  1.103390e+03  1.194680e+02 1.194680e+02 
1.999500e-01  0.000000e+00 0.000000e+00  1.076170e+03  1.166805e+02 1.166805e+02 
2.150000e-01  0.000000e+00 0.000000e+00  1.016470e+03  1.146401e+02 1.146401e+02 
2.300000e-01  0.000000e+00 0.000000e+00  1.171040e+03  1.148801e+02 1.148801e+02 
2.500000e-01  0.000000e+00 0.000000e+00  1.184310e+03  1.157368e+02 1.157368e+02 
2.750000e-01  0.000000e+00 0.000000e+00  1.279500e+03  1.184778e+02 1.184778e+02 
3.000000e-01  0.000000e+00 0.000000e+00  1.236680e+03  1.197189e+02 1.197189e+02 
3.250000e-01  0.000000e+00 0.000000e+00  1.291150e+03  1.191736e+02 1.191736e+02 
3.500000e-01  0.000000e+00 0.000000e+00  1.273240e+03  1.224901e+02 1.224901e+02 
3.750000e-01  0.000000e+00 0.000000e+00  1.283020e+03  1.178508e+02 1.178508e+02 
4.100000e-01  0.000000e+00 0.000000e+00  1.236710e+03  1.113232e+02 1.113232e+02 
4.450000e-01  0.000000e+00 0.000000e+00  1.299290e+03  1.192506e+02 1.192506e+02 
4.800000e-01  0.000000e+00 0.000000e+00  1.238740e+03  1.117055e+02 1.117055e+02 
5.200000e-01  0.000000e+00 0.000000e+00  1.249330e+03  1.125094e+02 1.125094e+02 
5.600000e-01  0.000000e+00 0.000000e+00  1.254230e+03  1.125651e+02 1.125651e+02 
6.000000e-01  0.000000e+00 0.000000e+00  1.124680e+03  1.019451e+02 1.019451e+02 
6.450000e-01  0.000000e+00 0.000000e+00  1.154600e+03  1.027005e+02 1.027005e+02 
6.950000e-01  0.000000e+00 0.000000e+00  1.146090e+03  1.020295e+02 1.020295e+02 
7.450000e-01  0.000000e+00 0.000000e+00  1.091290e+03  9.738671e+01 9.738671e+01 
8.000000e-01  0.000000e+00 0.000000e+00  1.000040e+03  8.873344e+01 8.873344e+01 
8.600000e-01  0.000000e+00 0.000000e+00  9.845020e+02  8.742799e+01 8.742799e+01 
9.250000e-01  0.000000e+00 0.000000e+00  9.851470e+02  8.664146e+01 8.664146e+01 
9.900000e-01  0.000000e+00 0.000000e+00  9.543390e+02  8.365814e+01 8.365814e+01 
1.055000e+00  0.000000e+00 0.000000e+00  8.883470e+02  7.752295e+01 7.752295e+01 
1.130000e+00  0.000000e+00 0.000000e+00  8.638860e+02  7.495723e+01 7.495723e+01 
1.210000e+00  0.000000e+00 0.000000e+00  7.888990e+02  6.889753e+01 6.889753e+01 
1.295000e+00  0.000000e+00 0.000000e+00  7.315100e+02  6.374620e+01 6.374620e+01 
1.380000e+00  0.000000e+00 0.000000e+00  6.983560e+02  6.141125e+01 6.141125e+01 
1.470000e+00  0.000000e+00 0.000000e+00  6.576170e+02  5.733815e+01 5.733815e+01 
1.570000e+00  0.000000e+00 0.000000e+00  5.965340e+02  5.231589e+01 5.231589e+01 
1.670000e+00  0.000000e+00 0.000000e+00  5.616170e+02  4.940042e+01 4.940042e+01 
1.775000e+00  0.000000e+00 0.000000e+00  5.156590e+02  4.530745e+01 4.530745e+01 
1.890000e+00  0.000000e+00 0.000000e+00  4.863600e+02  4.268431e+01 4.268431e+01 
2.010000e+00  0.000000e+00 0.000000e+00  4.482240e+02  3.952020e+01 3.952020e+01 
2.135000e+00  0.000000e+00 0.000000e+00  4.074270e+02  3.574909e+01 3.574909e+01 
2.265000e+00  0.000000e+00 0.000000e+00  3.790240e+02  3.341108e+01 3.341108e+01 
2.405000e+00  0.000000e+00 0.000000e+00  3.474850e+02  3.050795e+01 3.050795e+01 
2.550000e+00  0.000000e+00 0.000000e+00  3.283310e+02  2.903159e+01 2.903159e+01 
2.700000e+00  0.000000e+00 0.000000e+00  2.870400e+02  2.542782e+01 2.542782e+01 
2.860000e+00  0.000000e+00 0.000000e+00  2.705620e+02  2.401212e+01 2.401212e+01 
3.030000e+00  0.000000e+00 0.000000e+00  2.436460e+02  2.157698e+01 2.157698e+01 
3.210000e+00  0.000000e+00 0.000000e+00  2.205840e+02  1.964025e+01 1.964025e+01 
3.395000e+00  0.000000e+00 0.000000e+00  2.077870e+02  1.853102e+01 1.853102e+01 
3.590000e+00  0.000000e+00 0.000000e+00  1.911870e+02  1.709558e+01 1.709558e+01 
3.905000e+00  0.000000e+00 0.000000e+00  1.542020e+02  1.335521e+01 1.335521e+01 
4.355000e+00  0.000000e+00 0.000000e+00  1.295680e+02  1.127355e+01 1.127355e+01 
4.850000e+00  0.000000e+00 0.000000e+00  1.036450e+02  9.068444e+00 9.068444e+00 
5.395000e+00  0.000000e+00 0.000000e+00  8.577300e+01  7.541883e+00 7.541883e+00 
5.990000e+00  0.000000e+00 0.000000e+00  6.772800e+01  6.006525e+00 6.006525e+00 
6.645000e+00  0.000000e+00 0.000000e+00  5.604000e+01  4.981247e+00 4.981247e+00 
7.365000e+00  0.000000e+00 0.000000e+00  4.142000e+01  3.731456e+00 3.731456e+00 
8.155000e+00  0.000000e+00 0.000000e+00  3.507300e+01  3.177466e+00 3.177466e+00 
9.025000e+00  0.000000e+00 0.000000e+00  2.715400e+01  2.454793e+00 2.454793e+00 
9.980000e+00  0.000000e+00 0.000000e+00  2.069000e+01  1.891515e+00 1.891515e+00 
1.102500e+01  0.000000e+00 0.000000e+00  1.693600e+01  1.556099e+00 1.556099e+00 
1.217000e+01  0.000000e+00 0.000000e+00  1.320200e+01  1.225914e+00 1.225914e+00 
1.343000e+01  0.000000e+00 0.000000e+00  1.055100e+01  9.927804e-01 9.927804e-01 
1.481500e+01  0.000000e+00 0.000000e+00  7.821000e+00  7.450291e-01 7.450291e-01 
1.633000e+01  0.000000e+00 0.000000e+00  6.350000e+00  6.154278e-01 6.154278e-01 
1.799000e+01  0.000000e+00 0.000000e+00  4.972000e+00  4.903109e-01 4.903109e-01 
1.981000e+01  0.000000e+00 0.000000e+00  3.632000e+00  3.679127e-01 3.679127e-01 
2.180500e+01  0.000000e+00 0.000000e+00  3.103000e+00  3.116876e-01 3.116876e-01 
2.400000e+01  0.000000e+00 0.000000e+00  2.301000e+00  2.366619e-01 2.366619e-01 
2.640500e+01  0.000000e+00 0.000000e+00  1.908000e+00  1.990924e-01 1.990924e-01 
2.904000e+01  0.000000e+00 0.000000e+00  1.344000e+00  1.470602e-01 1.470602e-01 
3.193000e+01  0.000000e+00 0.000000e+00  1.109000e+00  1.228060e-01 1.228060e-01 
3.509500e+01  0.000000e+00 0.000000e+00  8.980000e-01  1.008824e-01 1.008824e-01 
3.857000e+01  0.000000e+00 0.000000e+00  6.450000e-01  7.648091e-02 7.648091e-02 
4.238000e+01  0.000000e+00 0.000000e+00  4.580000e-01  5.725426e-02 5.725426e-02 
4.655500e+01  0.000000e+00 0.000000e+00  3.450000e-01  4.537896e-02 4.537896e-02 
