# Data from SSDC cosmic rays database www.ssdc.asi.it 
# File generated today 20260804 
# Errors may contain statistic and systematic depending on the options set when drawing the graph 
# Fluxes are multiplied by a power of Energy (or Rigidity) if the option is set when drawing the graph 
# Horizontal errors usually are not uncertanties of the measurement but correspond to binning. See publication. 
#
# GraphTitle: p PAMELA ApJL (2018) 
# XLabel: kinetic energy (GeV) 
# YLabel: flux ((m^{2} s sr GeV)^{-1}) 
#
# Columns: X, XErrorLow, XErrorHigh, Y, YErrorLow, YErrorHigh 
8.850000e-02  0.000000e+00 0.000000e+00  1.963400e+02  3.793907e+01 3.793907e+01 
1.000000e-01  0.000000e+00 0.000000e+00  2.518230e+02  4.799240e+01 4.799240e+01 
1.075000e-01  0.000000e+00 0.000000e+00  2.252610e+02  5.909093e+01 5.909093e+01 
1.150000e-01  0.000000e+00 0.000000e+00  2.695570e+02  4.965273e+01 4.965273e+01 
1.250000e-01  0.000000e+00 0.000000e+00  3.107300e+02  5.245442e+01 5.245442e+01 
1.400000e-01  0.000000e+00 0.000000e+00  3.176480e+02  4.380065e+01 4.380065e+01 
1.550000e-01  0.000000e+00 0.000000e+00  3.506550e+02  5.725704e+01 5.725704e+01 
1.650000e-01  0.000000e+00 0.000000e+00  3.383520e+02  5.482934e+01 5.482934e+01 
1.800000e-01  0.000000e+00 0.000000e+00  4.066590e+02  5.084111e+01 5.084111e+01 
1.999500e-01  0.000000e+00 0.000000e+00  4.263070e+02  5.261732e+01 5.261732e+01 
2.150000e-01  0.000000e+00 0.000000e+00  3.927890e+02  5.057076e+01 5.057076e+01 
2.300000e-01  0.000000e+00 0.000000e+00  4.481570e+02  4.816523e+01 4.816523e+01 
2.500000e-01  0.000000e+00 0.000000e+00  4.294090e+02  4.622108e+01 4.622108e+01 
2.750000e-01  0.000000e+00 0.000000e+00  4.797960e+02  4.740949e+01 4.740949e+01 
3.000000e-01  0.000000e+00 0.000000e+00  5.169050e+02  5.375197e+01 5.375197e+01 
3.250000e-01  0.000000e+00 0.000000e+00  5.199850e+02  5.066966e+01 5.066966e+01 
3.500000e-01  0.000000e+00 0.000000e+00  5.159650e+02  5.311391e+01 5.311391e+01 
3.750000e-01  0.000000e+00 0.000000e+00  5.472510e+02  5.289144e+01 5.289144e+01 
4.100000e-01  0.000000e+00 0.000000e+00  5.602910e+02  5.223372e+01 5.223372e+01 
4.450000e-01  0.000000e+00 0.000000e+00  5.547290e+02  5.321287e+01 5.321287e+01 
4.800000e-01  0.000000e+00 0.000000e+00  5.463900e+02  5.102126e+01 5.102126e+01 
5.200000e-01  0.000000e+00 0.000000e+00  6.039390e+02  5.585281e+01 5.585281e+01 
5.600000e-01  0.000000e+00 0.000000e+00  5.883360e+02  5.454305e+01 5.454305e+01 
6.000000e-01  0.000000e+00 0.000000e+00  5.963120e+02  5.500027e+01 5.500027e+01 
6.450000e-01  0.000000e+00 0.000000e+00  5.831860e+02  5.303898e+01 5.303898e+01 
6.950000e-01  0.000000e+00 0.000000e+00  5.668340e+02  5.164014e+01 5.164014e+01 
7.450000e-01  0.000000e+00 0.000000e+00  5.895540e+02  5.356745e+01 5.356745e+01 
8.000000e-01  0.000000e+00 0.000000e+00  5.899040e+02  5.285768e+01 5.285768e+01 
8.600000e-01  0.000000e+00 0.000000e+00  5.494850e+02  4.949614e+01 4.949614e+01 
9.250000e-01  0.000000e+00 0.000000e+00  5.367070e+02  4.795636e+01 4.795636e+01 
9.900000e-01  0.000000e+00 0.000000e+00  5.314460e+02  4.708622e+01 4.708622e+01 
1.055000e+00  0.000000e+00 0.000000e+00  5.320120e+02  4.670372e+01 4.670372e+01 
1.130000e+00  0.000000e+00 0.000000e+00  5.011790e+02  4.383239e+01 4.383239e+01 
1.210000e+00  0.000000e+00 0.000000e+00  4.918230e+02  4.301151e+01 4.301151e+01 
1.295000e+00  0.000000e+00 0.000000e+00  4.748350e+02  4.144879e+01 4.144879e+01 
1.380000e+00  0.000000e+00 0.000000e+00  4.323100e+02  3.816209e+01 3.816209e+01 
1.470000e+00  0.000000e+00 0.000000e+00  4.284150e+02  3.740196e+01 3.740196e+01 
1.570000e+00  0.000000e+00 0.000000e+00  4.234490e+02  3.702658e+01 3.702658e+01 
1.670000e+00  0.000000e+00 0.000000e+00  3.703820e+02  3.258738e+01 3.258738e+01 
1.775000e+00  0.000000e+00 0.000000e+00  3.642520e+02  3.188232e+01 3.188232e+01 
1.890000e+00  0.000000e+00 0.000000e+00  3.417900e+02  2.990853e+01 2.990853e+01 
2.010000e+00  0.000000e+00 0.000000e+00  3.328800e+02  2.919093e+01 2.919093e+01 
2.135000e+00  0.000000e+00 0.000000e+00  3.079210e+02  2.685203e+01 2.685203e+01 
2.265000e+00  0.000000e+00 0.000000e+00  2.859390e+02  2.503354e+01 2.503354e+01 
2.405000e+00  0.000000e+00 0.000000e+00  2.688210e+02  2.344849e+01 2.344849e+01 
2.550000e+00  0.000000e+00 0.000000e+00  2.528180e+02  2.219191e+01 2.219191e+01 
2.700000e+00  0.000000e+00 0.000000e+00  2.319990e+02  2.032454e+01 2.032454e+01 
2.860000e+00  0.000000e+00 0.000000e+00  2.223060e+02  1.951486e+01 1.951486e+01 
3.030000e+00  0.000000e+00 0.000000e+00  2.003370e+02  1.757107e+01 1.757107e+01 
3.210000e+00  0.000000e+00 0.000000e+00  1.879160e+02  1.654242e+01 1.654242e+01 
3.395000e+00  0.000000e+00 0.000000e+00  1.655760e+02  1.463393e+01 1.463393e+01 
3.590000e+00  0.000000e+00 0.000000e+00  1.573440e+02  1.390661e+01 1.390661e+01 
3.905000e+00  0.000000e+00 0.000000e+00  1.366190e+02  1.170778e+01 1.170778e+01 
4.355000e+00  0.000000e+00 0.000000e+00  1.170730e+02  1.006193e+01 1.006193e+01 
4.850000e+00  0.000000e+00 0.000000e+00  9.530300e+01  8.217606e+00 8.217606e+00 
5.395000e+00  0.000000e+00 0.000000e+00  7.838300e+01  6.792136e+00 6.792136e+00 
5.990000e+00  0.000000e+00 0.000000e+00  6.608200e+01  5.746203e+00 5.746203e+00 
6.645000e+00  0.000000e+00 0.000000e+00  5.047900e+01  4.424644e+00 4.424644e+00 
7.365000e+00  0.000000e+00 0.000000e+00  4.157600e+01  3.666105e+00 3.666105e+00 
8.155000e+00  0.000000e+00 0.000000e+00  3.348100e+01  2.967878e+00 2.967878e+00 
9.025000e+00  0.000000e+00 0.000000e+00  2.604000e+01  2.304569e+00 2.304569e+00 
9.980000e+00  0.000000e+00 0.000000e+00  2.188000e+01  1.940585e+00 1.940585e+00 
1.102500e+01  0.000000e+00 0.000000e+00  1.640500e+01  1.469892e+00 1.469892e+00 
1.217000e+01  0.000000e+00 0.000000e+00  1.339800e+01  1.213068e+00 1.213068e+00 
1.343000e+01  0.000000e+00 0.000000e+00  1.048300e+01  9.554848e-01 9.554848e-01 
1.481500e+01  0.000000e+00 0.000000e+00  8.288000e+00  7.643979e-01 7.643979e-01 
1.633000e+01  0.000000e+00 0.000000e+00  6.374000e+00  5.964376e-01 5.964376e-01 
1.799000e+01  0.000000e+00 0.000000e+00  4.713000e+00  4.485814e-01 4.485814e-01 
1.981000e+01  0.000000e+00 0.000000e+00  4.222000e+00  4.053243e-01 4.053243e-01 
2.180500e+01  0.000000e+00 0.000000e+00  2.965000e+00  2.860927e-01 2.860927e-01 
2.400000e+01  0.000000e+00 0.000000e+00  2.371000e+00  2.330772e-01 2.330772e-01 
2.640500e+01  0.000000e+00 0.000000e+00  1.867000e+00  1.870324e-01 1.870324e-01 
2.904000e+01  0.000000e+00 0.000000e+00  1.514000e+00  1.542261e-01 1.542261e-01 
3.193000e+01  0.000000e+00 0.000000e+00  1.133000e+00  1.180051e-01 1.180051e-01 
3.509500e+01  0.000000e+00 0.000000e+00  7.790000e-01  8.475760e-02 8.475760e-02 
3.857000e+01  0.000000e+00 0.000000e+00  6.280000e-01  6.989950e-02 6.989950e-02 
4.238000e+01  0.000000e+00 0.000000e+00  4.590000e-01  5.329625e-02 5.329625e-02 
4.655500e+01  0.000000e+00 0.000000e+00  3.720000e-01  4.385898e-02 4.385898e-02 
