# Data from SSDC cosmic rays database www.ssdc.asi.it 
# File generated today 20260804 
# Errors may contain statistic and systematic depending on the options set when drawing the graph 
# Fluxes are multiplied by a power of Energy (or Rigidity) if the option is set when drawing the graph 
# Horizontal errors usually are not uncertanties of the measurement but correspond to binning. See publication. 
#
# GraphTitle: p PAMELA ApJL (2018) 
# XLabel: kinetic energy (GeV) 
# YLabel: flux ((m^{2} s sr GeV)^{-1}) 
#
# Columns: X, XErrorLow, XErrorHigh, Y, YErrorLow, YErrorHigh 
8.850000e-02  0.000000e+00 0.000000e+00  3.401840e+02  4.972509e+01 4.972509e+01 
1.000000e-01  0.000000e+00 0.000000e+00  3.768560e+02  5.736720e+01 5.736720e+01 
1.075000e-01  0.000000e+00 0.000000e+00  3.913410e+02  7.400712e+01 7.400712e+01 
1.150000e-01  0.000000e+00 0.000000e+00  4.388090e+02  6.263616e+01 6.263616e+01 
1.250000e-01  0.000000e+00 0.000000e+00  4.212280e+02  5.729447e+01 5.729447e+01 
1.400000e-01  0.000000e+00 0.000000e+00  5.139610e+02  5.845735e+01 5.845735e+01 
1.550000e-01  0.000000e+00 0.000000e+00  5.521350e+02  7.209330e+01 7.209330e+01 
1.650000e-01  0.000000e+00 0.000000e+00  4.724250e+02  6.370642e+01 6.370642e+01 
1.800000e-01  0.000000e+00 0.000000e+00  6.179720e+02  6.637509e+01 6.637509e+01 
1.999500e-01  0.000000e+00 0.000000e+00  5.499150e+02  6.024444e+01 6.024444e+01 
2.150000e-01  0.000000e+00 0.000000e+00  6.777200e+02  7.335915e+01 7.335915e+01 
2.300000e-01  0.000000e+00 0.000000e+00  6.657110e+02  6.507405e+01 6.507405e+01 
2.500000e-01  0.000000e+00 0.000000e+00  7.146480e+02  6.920156e+01 6.920156e+01 
2.750000e-01  0.000000e+00 0.000000e+00  7.020490e+02  6.509520e+01 6.509520e+01 
3.000000e-01  0.000000e+00 0.000000e+00  7.162980e+02  6.900681e+01 6.900681e+01 
3.250000e-01  0.000000e+00 0.000000e+00  7.712560e+02  7.083673e+01 7.083673e+01 
3.500000e-01  0.000000e+00 0.000000e+00  7.968560e+02  7.587398e+01 7.587398e+01 
3.750000e-01  0.000000e+00 0.000000e+00  7.885280e+02  7.223909e+01 7.223909e+01 
4.100000e-01  0.000000e+00 0.000000e+00  7.862040e+02  7.039688e+01 7.039688e+01 
4.450000e-01  0.000000e+00 0.000000e+00  8.026690e+02  7.336940e+01 7.336940e+01 
4.800000e-01  0.000000e+00 0.000000e+00  7.916510e+02  7.087403e+01 7.087403e+01 
5.200000e-01  0.000000e+00 0.000000e+00  8.004280e+02  7.167653e+01 7.167653e+01 
5.600000e-01  0.000000e+00 0.000000e+00  8.352130e+02  7.478162e+01 7.478162e+01 
6.000000e-01  0.000000e+00 0.000000e+00  7.909320e+02  7.108256e+01 7.108256e+01 
6.450000e-01  0.000000e+00 0.000000e+00  7.785870e+02  6.893779e+01 6.893779e+01 
6.950000e-01  0.000000e+00 0.000000e+00  8.065200e+02  7.137223e+01 7.137223e+01 
7.450000e-01  0.000000e+00 0.000000e+00  7.912490e+02  7.019114e+01 7.019114e+01 
8.000000e-01  0.000000e+00 0.000000e+00  7.617220e+02  6.697507e+01 6.697507e+01 
8.600000e-01  0.000000e+00 0.000000e+00  7.208640e+02  6.356618e+01 6.356618e+01 
9.250000e-01  0.000000e+00 0.000000e+00  7.148270e+02  6.266198e+01 6.266198e+01 
9.900000e-01  0.000000e+00 0.000000e+00  6.487550e+02  5.683774e+01 5.683774e+01 
1.055000e+00  0.000000e+00 0.000000e+00  6.110660e+02  5.324919e+01 5.324919e+01 
1.130000e+00  0.000000e+00 0.000000e+00  5.757290e+02  4.997631e+01 4.997631e+01 
1.210000e+00  0.000000e+00 0.000000e+00  5.508100e+02  4.793225e+01 4.793225e+01 
1.295000e+00  0.000000e+00 0.000000e+00  5.240520e+02  4.545275e+01 4.545275e+01 
1.380000e+00  0.000000e+00 0.000000e+00  5.121890e+02  4.477274e+01 4.477274e+01 
1.470000e+00  0.000000e+00 0.000000e+00  4.832410e+02  4.188897e+01 4.188897e+01 
1.570000e+00  0.000000e+00 0.000000e+00  4.613280e+02  4.003054e+01 4.003054e+01 
1.670000e+00  0.000000e+00 0.000000e+00  4.230850e+02  3.684748e+01 3.684748e+01 
1.775000e+00  0.000000e+00 0.000000e+00  3.939310e+02  3.425627e+01 3.425627e+01 
1.890000e+00  0.000000e+00 0.000000e+00  3.780520e+02  3.285596e+01 3.285596e+01 
2.010000e+00  0.000000e+00 0.000000e+00  3.418080e+02  2.980632e+01 2.980632e+01 
2.135000e+00  0.000000e+00 0.000000e+00  3.263570e+02  2.831792e+01 2.831792e+01 
2.265000e+00  0.000000e+00 0.000000e+00  3.073040e+02  2.675329e+01 2.675329e+01 
2.405000e+00  0.000000e+00 0.000000e+00  2.853160e+02  2.475135e+01 2.475135e+01 
2.550000e+00  0.000000e+00 0.000000e+00  2.600820e+02  2.272236e+01 2.272236e+01 
2.700000e+00  0.000000e+00 0.000000e+00  2.475590e+02  2.155911e+01 2.155911e+01 
2.860000e+00  0.000000e+00 0.000000e+00  2.293400e+02  2.004747e+01 2.004747e+01 
3.030000e+00  0.000000e+00 0.000000e+00  2.075520e+02  1.810724e+01 1.810724e+01 
3.210000e+00  0.000000e+00 0.000000e+00  1.931770e+02  1.691097e+01 1.691097e+01 
3.395000e+00  0.000000e+00 0.000000e+00  1.692730e+02  1.487368e+01 1.487368e+01 
3.590000e+00  0.000000e+00 0.000000e+00  1.612750e+02  1.417433e+01 1.417433e+01 
3.905000e+00  0.000000e+00 0.000000e+00  1.373380e+02  1.173247e+01 1.173247e+01 
4.355000e+00  0.000000e+00 0.000000e+00  1.156960e+02  9.919777e+00 9.919777e+00 
4.850000e+00  0.000000e+00 0.000000e+00  9.333400e+01  8.025804e+00 8.025804e+00 
5.395000e+00  0.000000e+00 0.000000e+00  7.842800e+01  6.773835e+00 6.773835e+00 
5.990000e+00  0.000000e+00 0.000000e+00  6.225000e+01  5.407083e+00 5.407083e+00 
6.645000e+00  0.000000e+00 0.000000e+00  5.010600e+01  4.368843e+00 4.368843e+00 
7.365000e+00  0.000000e+00 0.000000e+00  3.911300e+01  3.437521e+00 3.437521e+00 
8.155000e+00  0.000000e+00 0.000000e+00  3.222600e+01  2.843749e+00 2.843749e+00 
9.025000e+00  0.000000e+00 0.000000e+00  2.639200e+01  2.324662e+00 2.324662e+00 
9.980000e+00  0.000000e+00 0.000000e+00  2.108700e+01  1.866893e+00 1.866893e+00 
1.102500e+01  0.000000e+00 0.000000e+00  1.596900e+01  1.427208e+00 1.427208e+00 
1.217000e+01  0.000000e+00 0.000000e+00  1.382200e+01  1.239112e+00 1.239112e+00 
1.343000e+01  0.000000e+00 0.000000e+00  9.946000e+00  9.020889e-01 9.020889e-01 
1.481500e+01  0.000000e+00 0.000000e+00  7.700000e+00  7.060757e-01 7.060757e-01 
1.633000e+01  0.000000e+00 0.000000e+00  6.050000e+00  5.621440e-01 5.621440e-01 
1.799000e+01  0.000000e+00 0.000000e+00  5.073000e+00  4.749683e-01 4.749683e-01 
1.981000e+01  0.000000e+00 0.000000e+00  3.698000e+00  3.530692e-01 3.530692e-01 
2.180500e+01  0.000000e+00 0.000000e+00  2.989000e+00  2.860839e-01 2.860839e-01 
2.400000e+01  0.000000e+00 0.000000e+00  2.381000e+00  2.307038e-01 2.307038e-01 
2.640500e+01  0.000000e+00 0.000000e+00  1.845000e+00  1.820952e-01 1.820952e-01 
2.904000e+01  0.000000e+00 0.000000e+00  1.360000e+00  1.377930e-01 1.377930e-01 
3.193000e+01  0.000000e+00 0.000000e+00  1.131000e+00  1.168426e-01 1.168426e-01 
3.509500e+01  0.000000e+00 0.000000e+00  9.350000e-01  9.758632e-02 9.758632e-02 
3.857000e+01  0.000000e+00 0.000000e+00  6.250000e-01  6.840475e-02 6.840475e-02 
4.238000e+01  0.000000e+00 0.000000e+00  4.730000e-01  5.371043e-02 5.371043e-02 
4.655500e+01  0.000000e+00 0.000000e+00  3.630000e-01  4.233060e-02 4.233060e-02 
