# Data from SSDC cosmic rays database www.ssdc.asi.it 
# File generated today 20260804 
# Errors may contain statistic and systematic depending on the options set when drawing the graph 
# Fluxes are multiplied by a power of Energy (or Rigidity) if the option is set when drawing the graph 
# Horizontal errors usually are not uncertanties of the measurement but correspond to binning. See publication. 
#
# GraphTitle: p PAMELA ApJL (2018) 
# XLabel: kinetic energy (GeV) 
# YLabel: flux ((m^{2} s sr GeV)^{-1}) 
#
# Columns: X, XErrorLow, XErrorHigh, Y, YErrorLow, YErrorHigh 
8.850000e-02  0.000000e+00 0.000000e+00  7.772090e+02  9.193315e+01 9.193315e+01 
1.000000e-01  0.000000e+00 0.000000e+00  8.758850e+02  1.061622e+02 1.061622e+02 
1.075000e-01  0.000000e+00 0.000000e+00  9.588730e+02  1.350812e+02 1.350812e+02 
1.150000e-01  0.000000e+00 0.000000e+00  1.010830e+03  1.173605e+02 1.173605e+02 
1.250000e-01  0.000000e+00 0.000000e+00  1.059970e+03  1.134739e+02 1.134739e+02 
1.400000e-01  0.000000e+00 0.000000e+00  1.317500e+03  1.299515e+02 1.299515e+02 
1.550000e-01  0.000000e+00 0.000000e+00  1.323710e+03  1.448215e+02 1.448215e+02 
1.650000e-01  0.000000e+00 0.000000e+00  1.276590e+03  1.393279e+02 1.393279e+02 
1.800000e-01  0.000000e+00 0.000000e+00  1.371810e+03  1.324131e+02 1.324131e+02 
1.999500e-01  0.000000e+00 0.000000e+00  1.347180e+03  1.294024e+02 1.294024e+02 
2.150000e-01  0.000000e+00 0.000000e+00  1.381440e+03  1.363902e+02 1.363902e+02 
2.300000e-01  0.000000e+00 0.000000e+00  1.384990e+03  1.266912e+02 1.266912e+02 
2.500000e-01  0.000000e+00 0.000000e+00  1.502030e+03  1.364134e+02 1.364134e+02 
2.750000e-01  0.000000e+00 0.000000e+00  1.519460e+03  1.339086e+02 1.339086e+02 
3.000000e-01  0.000000e+00 0.000000e+00  1.502650e+03  1.362264e+02 1.362264e+02 
3.250000e-01  0.000000e+00 0.000000e+00  1.555710e+03  1.367989e+02 1.367989e+02 
3.500000e-01  0.000000e+00 0.000000e+00  1.528970e+03  1.381641e+02 1.381641e+02 
3.750000e-01  0.000000e+00 0.000000e+00  1.535570e+03  1.348455e+02 1.348455e+02 
4.100000e-01  0.000000e+00 0.000000e+00  1.472120e+03  1.274661e+02 1.274661e+02 
4.450000e-01  0.000000e+00 0.000000e+00  1.489180e+03  1.308516e+02 1.308516e+02 
4.800000e-01  0.000000e+00 0.000000e+00  1.464210e+03  1.269684e+02 1.269684e+02 
5.200000e-01  0.000000e+00 0.000000e+00  1.419990e+03  1.231043e+02 1.231043e+02 
5.600000e-01  0.000000e+00 0.000000e+00  1.418730e+03  1.231129e+02 1.231129e+02 
6.000000e-01  0.000000e+00 0.000000e+00  1.357160e+03  1.179750e+02 1.179750e+02 
6.450000e-01  0.000000e+00 0.000000e+00  1.348580e+03  1.160652e+02 1.160652e+02 
6.950000e-01  0.000000e+00 0.000000e+00  1.266100e+03  1.092668e+02 1.092668e+02 
7.450000e-01  0.000000e+00 0.000000e+00  1.223890e+03  1.058318e+02 1.058318e+02 
8.000000e-01  0.000000e+00 0.000000e+00  1.164240e+03  1.001647e+02 1.001647e+02 
8.600000e-01  0.000000e+00 0.000000e+00  1.078140e+03  9.305107e+01 9.305107e+01 
9.250000e-01  0.000000e+00 0.000000e+00  1.071060e+03  9.180371e+01 9.180371e+01 
9.900000e-01  0.000000e+00 0.000000e+00  9.860920e+02  8.462234e+01 8.462234e+01 
1.055000e+00  0.000000e+00 0.000000e+00  9.329290e+02  7.966655e+01 7.966655e+01 
1.130000e+00  0.000000e+00 0.000000e+00  8.480440e+02  7.233588e+01 7.233588e+01 
1.210000e+00  0.000000e+00 0.000000e+00  8.125150e+02  6.946638e+01 6.946638e+01 
1.295000e+00  0.000000e+00 0.000000e+00  7.891120e+02  6.728402e+01 6.728402e+01 
1.380000e+00  0.000000e+00 0.000000e+00  7.169670e+02  6.157527e+01 6.157527e+01 
1.470000e+00  0.000000e+00 0.000000e+00  6.503800e+02  5.555950e+01 5.555950e+01 
1.570000e+00  0.000000e+00 0.000000e+00  6.199130e+02  5.305007e+01 5.305007e+01 
1.670000e+00  0.000000e+00 0.000000e+00  5.726860e+02  4.918144e+01 4.918144e+01 
1.775000e+00  0.000000e+00 0.000000e+00  5.260610e+02  4.517442e+01 4.517442e+01 
1.890000e+00  0.000000e+00 0.000000e+00  4.760650e+02  4.086857e+01 4.086857e+01 
2.010000e+00  0.000000e+00 0.000000e+00  4.474380e+02  3.855101e+01 3.855101e+01 
2.135000e+00  0.000000e+00 0.000000e+00  4.244200e+02  3.639504e+01 3.639504e+01 
2.265000e+00  0.000000e+00 0.000000e+00  3.789790e+02  3.263062e+01 3.263062e+01 
2.405000e+00  0.000000e+00 0.000000e+00  3.540040e+02  3.037814e+01 3.037814e+01 
2.550000e+00  0.000000e+00 0.000000e+00  3.206420e+02  2.771718e+01 2.771718e+01 
2.700000e+00  0.000000e+00 0.000000e+00  2.880770e+02  2.488031e+01 2.488031e+01 
2.860000e+00  0.000000e+00 0.000000e+00  2.702880e+02  2.341436e+01 2.341436e+01 
3.030000e+00  0.000000e+00 0.000000e+00  2.426350e+02  2.099034e+01 2.099034e+01 
3.210000e+00  0.000000e+00 0.000000e+00  2.300140e+02  1.994744e+01 1.994744e+01 
3.395000e+00  0.000000e+00 0.000000e+00  2.048190e+02  1.779352e+01 1.779352e+01 
3.590000e+00  0.000000e+00 0.000000e+00  1.841110e+02  1.603930e+01 1.603930e+01 
3.905000e+00  0.000000e+00 0.000000e+00  1.558700e+02  1.323462e+01 1.323462e+01 
4.355000e+00  0.000000e+00 0.000000e+00  1.269480e+02  1.083078e+01 1.083078e+01 
4.850000e+00  0.000000e+00 0.000000e+00  1.053000e+02  9.008449e+00 9.008449e+00 
5.395000e+00  0.000000e+00 0.000000e+00  8.689500e+01  7.469503e+00 7.469503e+00 
5.990000e+00  0.000000e+00 0.000000e+00  6.556400e+01  5.669724e+00 5.669724e+00 
6.645000e+00  0.000000e+00 0.000000e+00  5.369000e+01  4.661653e+00 4.661653e+00 
7.365000e+00  0.000000e+00 0.000000e+00  4.275900e+01  3.733742e+00 3.733742e+00 
8.155000e+00  0.000000e+00 0.000000e+00  3.510600e+01  3.080667e+00 3.080667e+00 
9.025000e+00  0.000000e+00 0.000000e+00  2.724500e+01  2.390524e+00 2.390524e+00 
9.980000e+00  0.000000e+00 0.000000e+00  2.165700e+01  1.912644e+00 1.912644e+00 
1.102500e+01  0.000000e+00 0.000000e+00  1.677900e+01  1.490444e+00 1.490444e+00 
1.217000e+01  0.000000e+00 0.000000e+00  1.308800e+01  1.173834e+00 1.173834e+00 
1.343000e+01  0.000000e+00 0.000000e+00  1.056200e+01  9.536420e-01 9.536420e-01 
1.481500e+01  0.000000e+00 0.000000e+00  8.006000e+00  7.316141e-01 7.316141e-01 
1.633000e+01  0.000000e+00 0.000000e+00  6.112000e+00  5.655170e-01 5.655170e-01 
1.799000e+01  0.000000e+00 0.000000e+00  5.148000e+00  4.802351e-01 4.802351e-01 
1.981000e+01  0.000000e+00 0.000000e+00  3.673000e+00  3.504122e-01 3.504122e-01 
2.180500e+01  0.000000e+00 0.000000e+00  2.971000e+00  2.823577e-01 2.823577e-01 
2.400000e+01  0.000000e+00 0.000000e+00  2.396000e+00  2.311585e-01 2.311585e-01 
2.640500e+01  0.000000e+00 0.000000e+00  1.772000e+00  1.745431e-01 1.745431e-01 
2.904000e+01  0.000000e+00 0.000000e+00  1.447000e+00  1.461725e-01 1.461725e-01 
3.193000e+01  0.000000e+00 0.000000e+00  1.187000e+00  1.205312e-01 1.205312e-01 
3.509500e+01  0.000000e+00 0.000000e+00  8.610000e-01  9.016990e-02 9.016990e-02 
3.857000e+01  0.000000e+00 0.000000e+00  6.290000e-01  6.855108e-02 6.855108e-02 
4.238000e+01  0.000000e+00 0.000000e+00  4.700000e-01  5.299481e-02 5.299481e-02 
4.655500e+01  0.000000e+00 0.000000e+00  3.750000e-01  4.294706e-02 4.294706e-02 
