# Data from SSDC cosmic rays database www.ssdc.asi.it 
# File generated today 20260804 
# Errors may contain statistic and systematic depending on the options set when drawing the graph 
# Fluxes are multiplied by a power of Energy (or Rigidity) if the option is set when drawing the graph 
# Horizontal errors usually are not uncertanties of the measurement but correspond to binning. See publication. 
#
# GraphTitle: p PAMELA ApJL (2018) 
# XLabel: kinetic energy (GeV) 
# YLabel: flux ((m^{2} s sr GeV)^{-1}) 
#
# Columns: X, XErrorLow, XErrorHigh, Y, YErrorLow, YErrorHigh 
8.850000e-02  0.000000e+00 0.000000e+00  4.230650e+02  5.898898e+01 5.898898e+01 
1.000000e-01  0.000000e+00 0.000000e+00  4.294560e+02  6.405406e+01 6.405406e+01 
1.075000e-01  0.000000e+00 0.000000e+00  5.157470e+02  9.072747e+01 9.072747e+01 
1.150000e-01  0.000000e+00 0.000000e+00  4.286040e+02  6.174625e+01 6.174625e+01 
1.250000e-01  0.000000e+00 0.000000e+00  4.760370e+02  6.280170e+01 6.280170e+01 
1.400000e-01  0.000000e+00 0.000000e+00  5.607190e+02  6.247708e+01 6.247708e+01 
1.550000e-01  0.000000e+00 0.000000e+00  5.930480e+02  7.611947e+01 7.611947e+01 
1.650000e-01  0.000000e+00 0.000000e+00  6.078620e+02  7.738247e+01 7.738247e+01 
1.800000e-01  0.000000e+00 0.000000e+00  6.399800e+02  6.855816e+01 6.855816e+01 
1.999500e-01  0.000000e+00 0.000000e+00  6.262920e+02  6.707707e+01 6.707707e+01 
2.150000e-01  0.000000e+00 0.000000e+00  6.121340e+02  6.750414e+01 6.750414e+01 
2.300000e-01  0.000000e+00 0.000000e+00  7.049180e+02  6.808553e+01 6.808553e+01 
2.500000e-01  0.000000e+00 0.000000e+00  7.199760e+02  6.922979e+01 6.922979e+01 
2.750000e-01  0.000000e+00 0.000000e+00  7.692090e+02  7.057673e+01 7.057673e+01 
3.000000e-01  0.000000e+00 0.000000e+00  7.859570e+02  7.467142e+01 7.467142e+01 
3.250000e-01  0.000000e+00 0.000000e+00  7.932040e+02  7.226858e+01 7.226858e+01 
3.500000e-01  0.000000e+00 0.000000e+00  7.743150e+02  7.337264e+01 7.337264e+01 
3.750000e-01  0.000000e+00 0.000000e+00  8.054830e+02  7.317270e+01 7.317270e+01 
4.100000e-01  0.000000e+00 0.000000e+00  8.342190e+02  7.393019e+01 7.393019e+01 
4.450000e-01  0.000000e+00 0.000000e+00  8.215010e+02  7.436423e+01 7.436423e+01 
4.800000e-01  0.000000e+00 0.000000e+00  8.643410e+02  7.640799e+01 7.640799e+01 
5.200000e-01  0.000000e+00 0.000000e+00  8.759200e+02  7.738202e+01 7.738202e+01 
5.600000e-01  0.000000e+00 0.000000e+00  8.437640e+02  7.476897e+01 7.476897e+01 
6.000000e-01  0.000000e+00 0.000000e+00  8.386390e+02  7.409500e+01 7.409500e+01 
6.450000e-01  0.000000e+00 0.000000e+00  8.240640e+02  7.205166e+01 7.205166e+01 
6.950000e-01  0.000000e+00 0.000000e+00  7.875590e+02  6.905593e+01 6.905593e+01 
7.450000e-01  0.000000e+00 0.000000e+00  8.173730e+02  7.155632e+01 7.155632e+01 
8.000000e-01  0.000000e+00 0.000000e+00  8.070690e+02  6.997628e+01 6.997628e+01 
8.600000e-01  0.000000e+00 0.000000e+00  7.755260e+02  6.741567e+01 6.741567e+01 
9.250000e-01  0.000000e+00 0.000000e+00  7.760330e+02  6.704732e+01 6.704732e+01 
9.900000e-01  0.000000e+00 0.000000e+00  7.296680e+02  6.295170e+01 6.295170e+01 
1.055000e+00  0.000000e+00 0.000000e+00  7.021660e+02  6.032619e+01 6.032619e+01 
1.130000e+00  0.000000e+00 0.000000e+00  6.768180e+02  5.792469e+01 5.792469e+01 
1.210000e+00  0.000000e+00 0.000000e+00  6.584160e+02  5.644652e+01 5.644652e+01 
1.295000e+00  0.000000e+00 0.000000e+00  6.135620e+02  5.253348e+01 5.253348e+01 
1.380000e+00  0.000000e+00 0.000000e+00  5.692570e+02  4.906705e+01 4.906705e+01 
1.470000e+00  0.000000e+00 0.000000e+00  5.488480e+02  4.695272e+01 4.695272e+01 
1.570000e+00  0.000000e+00 0.000000e+00  5.116420e+02  4.390395e+01 4.390395e+01 
1.670000e+00  0.000000e+00 0.000000e+00  4.818610e+02  4.148364e+01 4.148364e+01 
1.775000e+00  0.000000e+00 0.000000e+00  4.644510e+02  3.988471e+01 3.988471e+01 
1.890000e+00  0.000000e+00 0.000000e+00  4.322010e+02  3.708131e+01 3.708131e+01 
2.010000e+00  0.000000e+00 0.000000e+00  3.927880e+02  3.385899e+01 3.385899e+01 
2.135000e+00  0.000000e+00 0.000000e+00  3.711800e+02  3.183835e+01 3.183835e+01 
2.265000e+00  0.000000e+00 0.000000e+00  3.373410e+02  2.906271e+01 2.906271e+01 
2.405000e+00  0.000000e+00 0.000000e+00  3.208130e+02  2.752959e+01 2.752959e+01 
2.550000e+00  0.000000e+00 0.000000e+00  2.917950e+02  2.522725e+01 2.522725e+01 
2.700000e+00  0.000000e+00 0.000000e+00  2.726540e+02  2.349364e+01 2.349364e+01 
2.860000e+00  0.000000e+00 0.000000e+00  2.553800e+02  2.206320e+01 2.206320e+01 
3.030000e+00  0.000000e+00 0.000000e+00  2.283240e+02  1.972965e+01 1.972965e+01 
3.210000e+00  0.000000e+00 0.000000e+00  2.044270e+02  1.775066e+01 1.775066e+01 
3.395000e+00  0.000000e+00 0.000000e+00  1.898650e+02  1.648068e+01 1.648068e+01 
3.590000e+00  0.000000e+00 0.000000e+00  1.716120e+02  1.494582e+01 1.494582e+01 
3.905000e+00  0.000000e+00 0.000000e+00  1.517410e+02  1.288029e+01 1.288029e+01 
4.355000e+00  0.000000e+00 0.000000e+00  1.236430e+02  1.052737e+01 1.052737e+01 
4.850000e+00  0.000000e+00 0.000000e+00  1.029650e+02  8.788436e+00 8.788436e+00 
5.395000e+00  0.000000e+00 0.000000e+00  8.564200e+01  7.336946e+00 7.336946e+00 
5.990000e+00  0.000000e+00 0.000000e+00  6.720100e+01  5.787695e+00 5.787695e+00 
6.645000e+00  0.000000e+00 0.000000e+00  5.376900e+01  4.650805e+00 4.650805e+00 
7.365000e+00  0.000000e+00 0.000000e+00  4.245400e+01  3.696928e+00 3.696928e+00 
8.155000e+00  0.000000e+00 0.000000e+00  3.446200e+01  3.014698e+00 3.014698e+00 
9.025000e+00  0.000000e+00 0.000000e+00  2.715300e+01  2.374007e+00 2.374007e+00 
9.980000e+00  0.000000e+00 0.000000e+00  2.079200e+01  1.830592e+00 1.830592e+00 
1.102500e+01  0.000000e+00 0.000000e+00  1.691900e+01  1.498358e+00 1.498358e+00 
1.217000e+01  0.000000e+00 0.000000e+00  1.328500e+01  1.185048e+00 1.185048e+00 
1.343000e+01  0.000000e+00 0.000000e+00  1.061500e+01  9.551756e-01 9.551756e-01 
1.481500e+01  0.000000e+00 0.000000e+00  7.972000e+00  7.245603e-01 7.245603e-01 
1.633000e+01  0.000000e+00 0.000000e+00  6.389000e+00  5.871414e-01 5.871414e-01 
1.799000e+01  0.000000e+00 0.000000e+00  4.998000e+00  4.654789e-01 4.654789e-01 
1.981000e+01  0.000000e+00 0.000000e+00  3.731000e+00  3.530785e-01 3.530785e-01 
2.180500e+01  0.000000e+00 0.000000e+00  2.976000e+00  2.810207e-01 2.810207e-01 
2.400000e+01  0.000000e+00 0.000000e+00  2.344000e+00  2.255139e-01 2.255139e-01 
2.640500e+01  0.000000e+00 0.000000e+00  1.793000e+00  1.757931e-01 1.757931e-01 
2.904000e+01  0.000000e+00 0.000000e+00  1.528000e+00  1.507295e-01 1.507295e-01 
3.193000e+01  0.000000e+00 0.000000e+00  1.111000e+00  1.130425e-01 1.130425e-01 
3.509500e+01  0.000000e+00 0.000000e+00  8.060000e-01  8.483897e-02 8.483897e-02 
3.857000e+01  0.000000e+00 0.000000e+00  6.710000e-01  7.156340e-02 7.156340e-02 
4.238000e+01  0.000000e+00 0.000000e+00  4.640000e-01  5.201471e-02 5.201471e-02 
4.655500e+01  0.000000e+00 0.000000e+00  3.410000e-01  3.932353e-02 3.932353e-02 
