# Data from SSDC cosmic rays database www.ssdc.asi.it 
# File generated today 20260804 
# Errors may contain statistic and systematic depending on the options set when drawing the graph 
# Fluxes are multiplied by a power of Energy (or Rigidity) if the option is set when drawing the graph 
# Horizontal errors usually are not uncertanties of the measurement but correspond to binning. See publication. 
#
# GraphTitle: p PAMELA ApJL (2018) 
# XLabel: kinetic energy (GeV) 
# YLabel: flux ((m^{2} s sr GeV)^{-1}) 
#
# Columns: X, XErrorLow, XErrorHigh, Y, YErrorLow, YErrorHigh 
8.850000e-02  0.000000e+00 0.000000e+00  8.803700e+02  1.011725e+02 1.011725e+02 
1.000000e-01  0.000000e+00 0.000000e+00  1.014750e+03  1.197846e+02 1.197846e+02 
1.075000e-01  0.000000e+00 0.000000e+00  1.071260e+03  1.471274e+02 1.471274e+02 
1.150000e-01  0.000000e+00 0.000000e+00  1.004760e+03  1.166625e+02 1.166625e+02 
1.250000e-01  0.000000e+00 0.000000e+00  1.176040e+03  1.221346e+02 1.221346e+02 
1.400000e-01  0.000000e+00 0.000000e+00  1.232650e+03  1.216631e+02 1.216631e+02 
1.550000e-01  0.000000e+00 0.000000e+00  1.372180e+03  1.483566e+02 1.483566e+02 
1.650000e-01  0.000000e+00 0.000000e+00  1.316430e+03  1.423068e+02 1.423068e+02 
1.800000e-01  0.000000e+00 0.000000e+00  1.369780e+03  1.321404e+02 1.321404e+02 
1.999500e-01  0.000000e+00 0.000000e+00  1.423320e+03  1.359224e+02 1.359224e+02 
2.150000e-01  0.000000e+00 0.000000e+00  1.516690e+03  1.472515e+02 1.472515e+02 
2.300000e-01  0.000000e+00 0.000000e+00  1.497260e+03  1.359901e+02 1.359901e+02 
2.500000e-01  0.000000e+00 0.000000e+00  1.634370e+03  1.475586e+02 1.475586e+02 
2.750000e-01  0.000000e+00 0.000000e+00  1.679060e+03  1.472577e+02 1.472577e+02 
3.000000e-01  0.000000e+00 0.000000e+00  1.682770e+03  1.509145e+02 1.509145e+02 
3.250000e-01  0.000000e+00 0.000000e+00  1.653940e+03  1.447109e+02 1.447109e+02 
3.500000e-01  0.000000e+00 0.000000e+00  1.669310e+03  1.494399e+02 1.494399e+02 
3.750000e-01  0.000000e+00 0.000000e+00  1.676860e+03  1.465076e+02 1.465076e+02 
4.100000e-01  0.000000e+00 0.000000e+00  1.622820e+03  1.399749e+02 1.399749e+02 
4.450000e-01  0.000000e+00 0.000000e+00  1.610800e+03  1.408002e+02 1.408002e+02 
4.800000e-01  0.000000e+00 0.000000e+00  1.589630e+03  1.372492e+02 1.372492e+02 
5.200000e-01  0.000000e+00 0.000000e+00  1.561970e+03  1.348010e+02 1.348010e+02 
5.600000e-01  0.000000e+00 0.000000e+00  1.492030e+03  1.289288e+02 1.289288e+02 
6.000000e-01  0.000000e+00 0.000000e+00  1.475360e+03  1.277397e+02 1.277397e+02 
6.450000e-01  0.000000e+00 0.000000e+00  1.416250e+03  1.216871e+02 1.216871e+02 
6.950000e-01  0.000000e+00 0.000000e+00  1.387380e+03  1.192736e+02 1.192736e+02 
7.450000e-01  0.000000e+00 0.000000e+00  1.317530e+03  1.134184e+02 1.134184e+02 
8.000000e-01  0.000000e+00 0.000000e+00  1.200090e+03  1.029264e+02 1.029264e+02 
8.600000e-01  0.000000e+00 0.000000e+00  1.206270e+03  1.034887e+02 1.034887e+02 
9.250000e-01  0.000000e+00 0.000000e+00  1.140010e+03  9.733251e+01 9.733251e+01 
9.900000e-01  0.000000e+00 0.000000e+00  1.051360e+03  8.991189e+01 8.991189e+01 
1.055000e+00  0.000000e+00 0.000000e+00  1.017490e+03  8.656293e+01 8.656293e+01 
1.130000e+00  0.000000e+00 0.000000e+00  9.588600e+02  8.138515e+01 8.138515e+01 
1.210000e+00  0.000000e+00 0.000000e+00  8.882130e+02  7.561316e+01 7.561316e+01 
1.295000e+00  0.000000e+00 0.000000e+00  8.354720e+02  7.101480e+01 7.101480e+01 
1.380000e+00  0.000000e+00 0.000000e+00  7.527610e+02  6.448314e+01 6.448314e+01 
1.470000e+00  0.000000e+00 0.000000e+00  7.222320e+02  6.143980e+01 6.143980e+01 
1.570000e+00  0.000000e+00 0.000000e+00  6.642610e+02  5.670456e+01 5.670456e+01 
1.670000e+00  0.000000e+00 0.000000e+00  6.045740e+02  5.180750e+01 5.180750e+01 
1.775000e+00  0.000000e+00 0.000000e+00  5.760070e+02  4.924464e+01 4.924464e+01 
1.890000e+00  0.000000e+00 0.000000e+00  5.320280e+02  4.547521e+01 4.547521e+01 
2.010000e+00  0.000000e+00 0.000000e+00  4.934670e+02  4.232088e+01 4.232088e+01 
2.135000e+00  0.000000e+00 0.000000e+00  4.366110e+02  3.736172e+01 3.736172e+01 
2.265000e+00  0.000000e+00 0.000000e+00  3.979110e+02  3.416836e+01 3.416836e+01 
2.405000e+00  0.000000e+00 0.000000e+00  3.793080e+02  3.246926e+01 3.246926e+01 
2.550000e+00  0.000000e+00 0.000000e+00  3.417700e+02  2.944831e+01 2.944831e+01 
2.700000e+00  0.000000e+00 0.000000e+00  3.121600e+02  2.682350e+01 2.682350e+01 
2.860000e+00  0.000000e+00 0.000000e+00  2.792430e+02  2.411450e+01 2.411450e+01 
3.030000e+00  0.000000e+00 0.000000e+00  2.592130e+02  2.234705e+01 2.234705e+01 
3.210000e+00  0.000000e+00 0.000000e+00  2.398110e+02  2.074734e+01 2.074734e+01 
3.395000e+00  0.000000e+00 0.000000e+00  2.093440e+02  1.817018e+01 1.817018e+01 
3.590000e+00  0.000000e+00 0.000000e+00  1.854960e+02  1.611531e+01 1.611531e+01 
3.905000e+00  0.000000e+00 0.000000e+00  1.639800e+02  1.390337e+01 1.390337e+01 
4.355000e+00  0.000000e+00 0.000000e+00  1.357790e+02  1.155397e+01 1.155397e+01 
4.850000e+00  0.000000e+00 0.000000e+00  1.071090e+02  9.152069e+00 9.152069e+00 
5.395000e+00  0.000000e+00 0.000000e+00  9.060100e+01  7.762734e+00 7.762734e+00 
5.990000e+00  0.000000e+00 0.000000e+00  7.061200e+01  6.083705e+00 6.083705e+00 
6.645000e+00  0.000000e+00 0.000000e+00  5.442600e+01  4.714421e+00 4.714421e+00 
7.365000e+00  0.000000e+00 0.000000e+00  4.407500e+01  3.841170e+00 3.841170e+00 
8.155000e+00  0.000000e+00 0.000000e+00  3.337400e+01  2.930514e+00 2.930514e+00 
9.025000e+00  0.000000e+00 0.000000e+00  2.847000e+01  2.491064e+00 2.491064e+00 
9.980000e+00  0.000000e+00 0.000000e+00  2.170400e+01  1.912148e+00 1.912148e+00 
1.102500e+01  0.000000e+00 0.000000e+00  1.759800e+01  1.560847e+00 1.560847e+00 
1.217000e+01  0.000000e+00 0.000000e+00  1.325400e+01  1.186432e+00 1.186432e+00 
1.343000e+01  0.000000e+00 0.000000e+00  1.107100e+01  9.958058e-01 9.958058e-01 
1.481500e+01  0.000000e+00 0.000000e+00  8.123000e+00  7.411199e-01 7.411199e-01 
1.633000e+01  0.000000e+00 0.000000e+00  6.212000e+00  5.727687e-01 5.727687e-01 
1.799000e+01  0.000000e+00 0.000000e+00  4.787000e+00  4.477193e-01 4.477193e-01 
1.981000e+01  0.000000e+00 0.000000e+00  3.746000e+00  3.545603e-01 3.545603e-01 
2.180500e+01  0.000000e+00 0.000000e+00  3.007000e+00  2.846607e-01 2.846607e-01 
2.400000e+01  0.000000e+00 0.000000e+00  2.294000e+00  2.219540e-01 2.219540e-01 
2.640500e+01  0.000000e+00 0.000000e+00  1.859000e+00  1.836967e-01 1.836967e-01 
2.904000e+01  0.000000e+00 0.000000e+00  1.344000e+00  1.352651e-01 1.352651e-01 
3.193000e+01  0.000000e+00 0.000000e+00  1.008000e+00  1.040829e-01 1.040829e-01 
3.509500e+01  0.000000e+00 0.000000e+00  9.210000e-01  9.502089e-02 9.502089e-02 
3.857000e+01  0.000000e+00 0.000000e+00  6.430000e-01  6.924688e-02 6.924688e-02 
4.238000e+01  0.000000e+00 0.000000e+00  4.850000e-01  5.384719e-02 5.384719e-02 
4.655500e+01  0.000000e+00 0.000000e+00  3.740000e-01  4.267177e-02 4.267177e-02 
