# Data from SSDC cosmic rays database www.ssdc.asi.it 
# File generated today 20260804 
# Errors may contain statistic and systematic depending on the options set when drawing the graph 
# Fluxes are multiplied by a power of Energy (or Rigidity) if the option is set when drawing the graph 
# Horizontal errors usually are not uncertanties of the measurement but correspond to binning. See publication. 
#
# GraphTitle: p PAMELA ApJL (2018) 
# XLabel: kinetic energy (GeV) 
# YLabel: flux ((m^{2} s sr GeV)^{-1}) 
#
# Columns: X, XErrorLow, XErrorHigh, Y, YErrorLow, YErrorHigh 
8.850000e-02  0.000000e+00 0.000000e+00  5.145550e+02  1.022857e+02 1.022857e+02 
1.000000e-01  0.000000e+00 0.000000e+00  5.473780e+02  1.161813e+02 1.161813e+02 
1.075000e-01  0.000000e+00 0.000000e+00  5.445030e+02  1.558463e+02 1.558463e+02 
1.150000e-01  0.000000e+00 0.000000e+00  4.614710e+02  1.023910e+02 1.023910e+02 
1.250000e-01  0.000000e+00 0.000000e+00  5.797970e+02  1.146002e+02 1.146002e+02 
1.400000e-01  0.000000e+00 0.000000e+00  6.671000e+02  9.918784e+01 9.918784e+01 
1.550000e-01  0.000000e+00 0.000000e+00  6.548260e+02  1.257669e+02 1.257669e+02 
1.650000e-01  0.000000e+00 0.000000e+00  9.026250e+02  1.524709e+02 1.524709e+02 
1.800000e-01  0.000000e+00 0.000000e+00  8.354100e+02  1.143900e+02 1.143900e+02 
1.999500e-01  0.000000e+00 0.000000e+00  9.526940e+02  1.252414e+02 1.252414e+02 
2.150000e-01  0.000000e+00 0.000000e+00  8.195450e+02  1.126595e+02 1.126595e+02 
2.300000e-01  0.000000e+00 0.000000e+00  8.601570e+02  9.793174e+01 9.793174e+01 
2.500000e-01  0.000000e+00 0.000000e+00  9.669360e+02  1.072878e+02 1.072878e+02 
2.750000e-01  0.000000e+00 0.000000e+00  9.471260e+02  9.812350e+01 9.812350e+01 
3.000000e-01  0.000000e+00 0.000000e+00  1.020460e+03  1.105570e+02 1.105570e+02 
3.250000e-01  0.000000e+00 0.000000e+00  9.619120e+02  9.830935e+01 9.830935e+01 
3.500000e-01  0.000000e+00 0.000000e+00  1.090850e+03  1.160873e+02 1.160873e+02 
3.750000e-01  0.000000e+00 0.000000e+00  9.857320e+02  1.002982e+02 1.002982e+02 
4.100000e-01  0.000000e+00 0.000000e+00  9.762190e+02  9.534381e+01 9.534381e+01 
4.450000e-01  0.000000e+00 0.000000e+00  9.851630e+02  9.968888e+01 9.968888e+01 
4.800000e-01  0.000000e+00 0.000000e+00  9.781660e+02  9.542544e+01 9.542544e+01 
5.200000e-01  0.000000e+00 0.000000e+00  1.066400e+03  1.029279e+02 1.029279e+02 
5.600000e-01  0.000000e+00 0.000000e+00  1.009400e+03  9.823464e+01 9.823464e+01 
6.000000e-01  0.000000e+00 0.000000e+00  9.104070e+02  8.984114e+01 8.984114e+01 
6.450000e-01  0.000000e+00 0.000000e+00  9.504240e+02  9.082918e+01 9.082918e+01 
6.950000e-01  0.000000e+00 0.000000e+00  9.844350e+02  9.369244e+01 9.369244e+01 
7.450000e-01  0.000000e+00 0.000000e+00  8.529600e+02  8.247536e+01 8.247536e+01 
8.000000e-01  0.000000e+00 0.000000e+00  8.924590e+02  8.436878e+01 8.436878e+01 
8.600000e-01  0.000000e+00 0.000000e+00  9.079850e+02  8.557434e+01 8.557434e+01 
9.250000e-01  0.000000e+00 0.000000e+00  8.360670e+02  7.851283e+01 7.851283e+01 
9.900000e-01  0.000000e+00 0.000000e+00  7.389320e+02  6.861338e+01 6.861338e+01 
1.055000e+00  0.000000e+00 0.000000e+00  7.649190e+02  7.007279e+01 7.007279e+01 
1.130000e+00  0.000000e+00 0.000000e+00  7.082710e+02  6.458783e+01 6.458783e+01 
1.210000e+00  0.000000e+00 0.000000e+00  6.718480e+02  6.163746e+01 6.163746e+01 
1.295000e+00  0.000000e+00 0.000000e+00  6.390910e+02  5.823847e+01 5.823847e+01 
1.380000e+00  0.000000e+00 0.000000e+00  5.769580e+02  5.353378e+01 5.353378e+01 
1.470000e+00  0.000000e+00 0.000000e+00  5.610220e+02  5.121563e+01 5.121563e+01 
1.570000e+00  0.000000e+00 0.000000e+00  5.225420e+02  4.814900e+01 4.814900e+01 
1.670000e+00  0.000000e+00 0.000000e+00  4.914880e+02  4.552155e+01 4.552155e+01 
1.775000e+00  0.000000e+00 0.000000e+00  4.448000e+02  4.117174e+01 4.117174e+01 
1.890000e+00  0.000000e+00 0.000000e+00  4.218370e+02  3.884577e+01 3.884577e+01 
2.010000e+00  0.000000e+00 0.000000e+00  4.081030e+02  3.779939e+01 3.779939e+01 
2.135000e+00  0.000000e+00 0.000000e+00  3.921150e+02  3.588321e+01 3.588321e+01 
2.265000e+00  0.000000e+00 0.000000e+00  3.351990e+02  3.100788e+01 3.100788e+01 
2.405000e+00  0.000000e+00 0.000000e+00  3.113860e+02  2.863282e+01 2.863282e+01 
2.550000e+00  0.000000e+00 0.000000e+00  3.059560e+02  2.838765e+01 2.838765e+01 
2.700000e+00  0.000000e+00 0.000000e+00  2.501870e+02  2.329960e+01 2.329960e+01 
2.860000e+00  0.000000e+00 0.000000e+00  2.432570e+02  2.269486e+01 2.269486e+01 
3.030000e+00  0.000000e+00 0.000000e+00  2.263430e+02  2.103190e+01 2.103190e+01 
3.210000e+00  0.000000e+00 0.000000e+00  2.137130e+02  1.999271e+01 1.999271e+01 
3.395000e+00  0.000000e+00 0.000000e+00  1.953590e+02  1.828359e+01 1.828359e+01 
3.590000e+00  0.000000e+00 0.000000e+00  1.696000e+02  1.599483e+01 1.599483e+01 
3.905000e+00  0.000000e+00 0.000000e+00  1.431110e+02  1.284788e+01 1.284788e+01 
4.355000e+00  0.000000e+00 0.000000e+00  1.204510e+02  1.089701e+01 1.089701e+01 
4.850000e+00  0.000000e+00 0.000000e+00  1.018430e+02  9.267428e+00 9.267428e+00 
5.395000e+00  0.000000e+00 0.000000e+00  8.629800e+01  7.882605e+00 7.882605e+00 
5.990000e+00  0.000000e+00 0.000000e+00  6.505000e+01  6.032363e+00 6.032363e+00 
6.645000e+00  0.000000e+00 0.000000e+00  5.347200e+01  4.981658e+00 4.981658e+00 
7.365000e+00  0.000000e+00 0.000000e+00  4.317600e+01  4.095303e+00 4.095303e+00 
8.155000e+00  0.000000e+00 0.000000e+00  3.202500e+01  3.087981e+00 3.087981e+00 
9.025000e+00  0.000000e+00 0.000000e+00  2.810800e+01  2.646805e+00 2.646805e+00 
9.980000e+00  0.000000e+00 0.000000e+00  2.011700e+01  1.940292e+00 1.940292e+00 
1.102500e+01  0.000000e+00 0.000000e+00  1.734200e+01  1.681266e+00 1.681266e+00 
1.217000e+01  0.000000e+00 0.000000e+00  1.322100e+01  1.302564e+00 1.302564e+00 
1.343000e+01  0.000000e+00 0.000000e+00  1.084100e+01  1.081453e+00 1.081453e+00 
1.481500e+01  0.000000e+00 0.000000e+00  8.140000e+00  8.350780e-01 8.350780e-01 
1.633000e+01  0.000000e+00 0.000000e+00  6.466000e+00  6.763220e-01 6.763220e-01 
1.799000e+01  0.000000e+00 0.000000e+00  5.174000e+00  5.548134e-01 5.548134e-01 
1.981000e+01  0.000000e+00 0.000000e+00  4.166000e+00  4.533196e-01 4.533196e-01 
2.180500e+01  0.000000e+00 0.000000e+00  2.929000e+00  3.227542e-01 3.227542e-01 
2.400000e+01  0.000000e+00 0.000000e+00  2.447000e+00  2.745898e-01 2.745898e-01 
2.640500e+01  0.000000e+00 0.000000e+00  1.660000e+00  1.964397e-01 1.964397e-01 
2.904000e+01  0.000000e+00 0.000000e+00  1.352000e+00  1.647752e-01 1.647752e-01 
3.193000e+01  0.000000e+00 0.000000e+00  1.181000e+00  1.448119e-01 1.448119e-01 
3.509500e+01  0.000000e+00 0.000000e+00  8.610000e-01  1.103427e-01 1.103427e-01 
3.857000e+01  0.000000e+00 0.000000e+00  6.800000e-01  9.136000e-02 9.136000e-02 
4.238000e+01  0.000000e+00 0.000000e+00  3.920000e-01  6.013327e-02 6.013327e-02 
4.655500e+01  0.000000e+00 0.000000e+00  3.620000e-01  5.471535e-02 5.471535e-02 
