# Data from SSDC cosmic rays database www.ssdc.asi.it 
# File generated today 20260804 
# Errors may contain statistic and systematic depending on the options set when drawing the graph 
# Fluxes are multiplied by a power of Energy (or Rigidity) if the option is set when drawing the graph 
# Horizontal errors usually are not uncertanties of the measurement but correspond to binning. See publication. 
#
# GraphTitle: p PAMELA ApJL (2018) 
# XLabel: kinetic energy (GeV) 
# YLabel: flux ((m^{2} s sr GeV)^{-1}) 
#
# Columns: X, XErrorLow, XErrorHigh, Y, YErrorLow, YErrorHigh 
8.850000e-02  0.000000e+00 0.000000e+00  4.675680e+02  6.625146e+01 6.625146e+01 
1.000000e-01  0.000000e+00 0.000000e+00  4.505020e+02  7.006507e+01 7.006507e+01 
1.075000e-01  0.000000e+00 0.000000e+00  5.168280e+02  9.647949e+01 9.647949e+01 
1.150000e-01  0.000000e+00 0.000000e+00  4.581300e+02  6.893331e+01 6.893331e+01 
1.250000e-01  0.000000e+00 0.000000e+00  5.211840e+02  7.069480e+01 7.069480e+01 
1.400000e-01  0.000000e+00 0.000000e+00  5.399980e+02  6.343762e+01 6.343762e+01 
1.550000e-01  0.000000e+00 0.000000e+00  5.974870e+02  8.114141e+01 8.114141e+01 
1.650000e-01  0.000000e+00 0.000000e+00  5.764620e+02  7.777600e+01 7.777600e+01 
1.800000e-01  0.000000e+00 0.000000e+00  6.574790e+02  7.267088e+01 7.267088e+01 
1.999500e-01  0.000000e+00 0.000000e+00  6.404110e+02  7.087529e+01 7.087529e+01 
2.150000e-01  0.000000e+00 0.000000e+00  6.810430e+02  7.589914e+01 7.589914e+01 
2.300000e-01  0.000000e+00 0.000000e+00  6.834120e+02  6.781057e+01 6.781057e+01 
2.500000e-01  0.000000e+00 0.000000e+00  7.243860e+02  7.130920e+01 7.130920e+01 
2.750000e-01  0.000000e+00 0.000000e+00  7.278070e+02  6.852110e+01 6.852110e+01 
3.000000e-01  0.000000e+00 0.000000e+00  7.765280e+02  7.549764e+01 7.549764e+01 
3.250000e-01  0.000000e+00 0.000000e+00  8.056540e+02  7.485158e+01 7.485158e+01 
3.500000e-01  0.000000e+00 0.000000e+00  7.983420e+02  7.693408e+01 7.693408e+01 
3.750000e-01  0.000000e+00 0.000000e+00  7.778520e+02  7.219381e+01 7.219381e+01 
4.100000e-01  0.000000e+00 0.000000e+00  8.022470e+02  7.244617e+01 7.244617e+01 
4.450000e-01  0.000000e+00 0.000000e+00  8.231260e+02  7.592538e+01 7.592538e+01 
4.800000e-01  0.000000e+00 0.000000e+00  8.436900e+02  7.575445e+01 7.575445e+01 
5.200000e-01  0.000000e+00 0.000000e+00  8.137790e+02  7.327426e+01 7.327426e+01 
5.600000e-01  0.000000e+00 0.000000e+00  8.306310e+02  7.472624e+01 7.472624e+01 
6.000000e-01  0.000000e+00 0.000000e+00  8.069340e+02  7.281296e+01 7.281296e+01 
6.450000e-01  0.000000e+00 0.000000e+00  8.010400e+02  7.112290e+01 7.112290e+01 
6.950000e-01  0.000000e+00 0.000000e+00  8.012110e+02  7.126061e+01 7.126061e+01 
7.450000e-01  0.000000e+00 0.000000e+00  7.952810e+02  7.077889e+01 7.077889e+01 
8.000000e-01  0.000000e+00 0.000000e+00  7.585920e+02  6.684879e+01 6.684879e+01 
8.600000e-01  0.000000e+00 0.000000e+00  7.339470e+02  6.490871e+01 6.490871e+01 
9.250000e-01  0.000000e+00 0.000000e+00  7.287380e+02  6.386245e+01 6.386245e+01 
9.900000e-01  0.000000e+00 0.000000e+00  6.761320e+02  5.924538e+01 5.924538e+01 
1.055000e+00  0.000000e+00 0.000000e+00  6.455590e+02  5.619491e+01 5.619491e+01 
1.130000e+00  0.000000e+00 0.000000e+00  6.282770e+02  5.443824e+01 5.443824e+01 
1.210000e+00  0.000000e+00 0.000000e+00  5.990220e+02  5.201227e+01 5.201227e+01 
1.295000e+00  0.000000e+00 0.000000e+00  5.850850e+02  5.056729e+01 5.056729e+01 
1.380000e+00  0.000000e+00 0.000000e+00  5.483550e+02  4.782298e+01 4.782298e+01 
1.470000e+00  0.000000e+00 0.000000e+00  5.157570e+02  4.467282e+01 4.467282e+01 
1.570000e+00  0.000000e+00 0.000000e+00  4.652650e+02  4.049112e+01 4.049112e+01 
1.670000e+00  0.000000e+00 0.000000e+00  4.443220e+02  3.873210e+01 3.873210e+01 
1.775000e+00  0.000000e+00 0.000000e+00  4.328240e+02  3.760021e+01 3.760021e+01 
1.890000e+00  0.000000e+00 0.000000e+00  3.960370e+02  3.442920e+01 3.442920e+01 
2.010000e+00  0.000000e+00 0.000000e+00  3.835270e+02  3.341819e+01 3.341819e+01 
2.135000e+00  0.000000e+00 0.000000e+00  3.471200e+02  3.015089e+01 3.015089e+01 
2.265000e+00  0.000000e+00 0.000000e+00  3.236760e+02  2.821119e+01 2.821119e+01 
2.405000e+00  0.000000e+00 0.000000e+00  3.000220e+02  2.605554e+01 2.605554e+01 
2.550000e+00  0.000000e+00 0.000000e+00  2.811230e+02  2.460493e+01 2.460493e+01 
2.700000e+00  0.000000e+00 0.000000e+00  2.605880e+02  2.271158e+01 2.271158e+01 
2.860000e+00  0.000000e+00 0.000000e+00  2.381540e+02  2.085239e+01 2.085239e+01 
3.030000e+00  0.000000e+00 0.000000e+00  2.171770e+02  1.898830e+01 1.898830e+01 
3.210000e+00  0.000000e+00 0.000000e+00  1.961610e+02  1.723304e+01 1.723304e+01 
3.395000e+00  0.000000e+00 0.000000e+00  1.890680e+02  1.659557e+01 1.659557e+01 
3.590000e+00  0.000000e+00 0.000000e+00  1.738210e+02  1.528644e+01 1.528644e+01 
3.905000e+00  0.000000e+00 0.000000e+00  1.458060e+02  1.247502e+01 1.247502e+01 
4.355000e+00  0.000000e+00 0.000000e+00  1.191740e+02  1.023801e+01 1.023801e+01 
4.850000e+00  0.000000e+00 0.000000e+00  9.975400e+01  8.593420e+00 8.593420e+00 
5.395000e+00  0.000000e+00 0.000000e+00  8.313900e+01  7.188931e+00 7.188931e+00 
5.990000e+00  0.000000e+00 0.000000e+00  6.442800e+01  5.608494e+00 5.608494e+00 
6.645000e+00  0.000000e+00 0.000000e+00  5.308000e+01  4.635201e+00 4.635201e+00 
7.365000e+00  0.000000e+00 0.000000e+00  4.286400e+01  3.768272e+00 3.768272e+00 
8.155000e+00  0.000000e+00 0.000000e+00  3.396900e+01  3.006033e+00 3.006033e+00 
9.025000e+00  0.000000e+00 0.000000e+00  2.750400e+01  2.425526e+00 2.425526e+00 
9.980000e+00  0.000000e+00 0.000000e+00  2.089400e+01  1.860875e+00 1.860875e+00 
1.102500e+01  0.000000e+00 0.000000e+00  1.688900e+01  1.514692e+00 1.514692e+00 
1.217000e+01  0.000000e+00 0.000000e+00  1.353200e+01  1.223836e+00 1.223836e+00 
1.343000e+01  0.000000e+00 0.000000e+00  1.068600e+01  9.760278e-01 9.760278e-01 
1.481500e+01  0.000000e+00 0.000000e+00  8.255000e+00  7.642583e-01 7.642583e-01 
1.633000e+01  0.000000e+00 0.000000e+00  6.467000e+00  6.038914e-01 6.038914e-01 
1.799000e+01  0.000000e+00 0.000000e+00  4.825000e+00  4.581531e-01 4.581531e-01 
1.981000e+01  0.000000e+00 0.000000e+00  3.785000e+00  3.638502e-01 3.638502e-01 
2.180500e+01  0.000000e+00 0.000000e+00  2.979000e+00  2.860132e-01 2.860132e-01 
2.400000e+01  0.000000e+00 0.000000e+00  2.321000e+00  2.269649e-01 2.269649e-01 
2.640500e+01  0.000000e+00 0.000000e+00  1.903000e+00  1.891222e-01 1.891222e-01 
2.904000e+01  0.000000e+00 0.000000e+00  1.345000e+00  1.378046e-01 1.378046e-01 
3.193000e+01  0.000000e+00 0.000000e+00  1.045000e+00  1.098510e-01 1.098510e-01 
3.509500e+01  0.000000e+00 0.000000e+00  8.060000e-01  8.694838e-02 8.694838e-02 
3.857000e+01  0.000000e+00 0.000000e+00  6.430000e-01  7.048837e-02 7.048837e-02 
4.238000e+01  0.000000e+00 0.000000e+00  5.180000e-01  5.782681e-02 5.782681e-02 
4.655500e+01  0.000000e+00 0.000000e+00  3.990000e-01  4.657693e-02 4.657693e-02 
