# Data from SSDC cosmic rays database www.ssdc.asi.it 
# File generated today 20260804 
# Errors may contain statistic and systematic depending on the options set when drawing the graph 
# Fluxes are multiplied by a power of Energy (or Rigidity) if the option is set when drawing the graph 
# Horizontal errors usually are not uncertanties of the measurement but correspond to binning. See publication. 
#
# GraphTitle: p PAMELA ApJL (2018) 
# XLabel: kinetic energy (GeV) 
# YLabel: flux ((m^{2} s sr GeV)^{-1}) 
#
# Columns: X, XErrorLow, XErrorHigh, Y, YErrorLow, YErrorHigh 
8.850000e-02  0.000000e+00 0.000000e+00  4.899300e+02  6.701219e+01 6.701219e+01 
1.000000e-01  0.000000e+00 0.000000e+00  5.169050e+02  7.381609e+01 7.381609e+01 
1.075000e-01  0.000000e+00 0.000000e+00  5.693640e+02  9.804938e+01 9.804938e+01 
1.150000e-01  0.000000e+00 0.000000e+00  6.143130e+02  8.340245e+01 8.340245e+01 
1.250000e-01  0.000000e+00 0.000000e+00  7.301330e+02  8.837761e+01 8.837761e+01 
1.400000e-01  0.000000e+00 0.000000e+00  9.049170e+02  9.540215e+01 9.540215e+01 
1.550000e-01  0.000000e+00 0.000000e+00  9.563710e+02  1.142549e+02 1.142549e+02 
1.650000e-01  0.000000e+00 0.000000e+00  9.799540e+02  1.159101e+02 1.159101e+02 
1.800000e-01  0.000000e+00 0.000000e+00  8.966310e+02  9.322789e+01 9.322789e+01 
1.999500e-01  0.000000e+00 0.000000e+00  9.799010e+02  9.939434e+01 9.939434e+01 
2.150000e-01  0.000000e+00 0.000000e+00  9.753150e+02  1.019643e+02 1.019643e+02 
2.300000e-01  0.000000e+00 0.000000e+00  1.100000e+03  1.035166e+02 1.035166e+02 
2.500000e-01  0.000000e+00 0.000000e+00  1.124800e+03  1.054396e+02 1.054396e+02 
2.750000e-01  0.000000e+00 0.000000e+00  1.167740e+03  1.054876e+02 1.054876e+02 
3.000000e-01  0.000000e+00 0.000000e+00  1.140700e+03  1.064950e+02 1.064950e+02 
3.250000e-01  0.000000e+00 0.000000e+00  1.170570e+03  1.052198e+02 1.052198e+02 
3.500000e-01  0.000000e+00 0.000000e+00  1.195980e+03  1.107275e+02 1.107275e+02 
3.750000e-01  0.000000e+00 0.000000e+00  1.221690e+03  1.094360e+02 1.094360e+02 
4.100000e-01  0.000000e+00 0.000000e+00  1.229940e+03  1.079060e+02 1.079060e+02 
4.450000e-01  0.000000e+00 0.000000e+00  1.204820e+03  1.074630e+02 1.074630e+02 
4.800000e-01  0.000000e+00 0.000000e+00  1.202750e+03  1.056153e+02 1.056153e+02 
5.200000e-01  0.000000e+00 0.000000e+00  1.192460e+03  1.047085e+02 1.047085e+02 
5.600000e-01  0.000000e+00 0.000000e+00  1.143150e+03  1.006607e+02 1.006607e+02 
6.000000e-01  0.000000e+00 0.000000e+00  1.173150e+03  1.030634e+02 1.030634e+02 
6.450000e-01  0.000000e+00 0.000000e+00  1.162110e+03  1.009267e+02 1.009267e+02 
6.950000e-01  0.000000e+00 0.000000e+00  1.112590e+03  9.686905e+01 9.686905e+01 
7.450000e-01  0.000000e+00 0.000000e+00  1.066550e+03  9.306253e+01 9.306253e+01 
8.000000e-01  0.000000e+00 0.000000e+00  9.920510e+02  8.606535e+01 8.606535e+01 
8.600000e-01  0.000000e+00 0.000000e+00  9.968670e+02  8.645702e+01 8.645702e+01 
9.250000e-01  0.000000e+00 0.000000e+00  9.760530e+02  8.418092e+01 8.418092e+01 
9.900000e-01  0.000000e+00 0.000000e+00  9.020650e+02  7.785704e+01 7.785704e+01 
1.055000e+00  0.000000e+00 0.000000e+00  8.428420e+02  7.234828e+01 7.234828e+01 
1.130000e+00  0.000000e+00 0.000000e+00  8.145620e+02  6.970589e+01 6.970589e+01 
1.210000e+00  0.000000e+00 0.000000e+00  7.643550e+02  6.557435e+01 6.557435e+01 
1.295000e+00  0.000000e+00 0.000000e+00  7.357680e+02  6.294122e+01 6.294122e+01 
1.380000e+00  0.000000e+00 0.000000e+00  6.758600e+02  5.838545e+01 5.838545e+01 
1.470000e+00  0.000000e+00 0.000000e+00  6.475150e+02  5.547204e+01 5.547204e+01 
1.570000e+00  0.000000e+00 0.000000e+00  5.964610e+02  5.129222e+01 5.129222e+01 
1.670000e+00  0.000000e+00 0.000000e+00  5.607530e+02  4.836101e+01 4.836101e+01 
1.775000e+00  0.000000e+00 0.000000e+00  5.114760e+02  4.411958e+01 4.411958e+01 
1.890000e+00  0.000000e+00 0.000000e+00  4.673820e+02  4.028508e+01 4.028508e+01 
2.010000e+00  0.000000e+00 0.000000e+00  4.561420e+02  3.944689e+01 3.944689e+01 
2.135000e+00  0.000000e+00 0.000000e+00  4.027980e+02  3.470040e+01 3.470040e+01 
2.265000e+00  0.000000e+00 0.000000e+00  3.706630e+02  3.202402e+01 3.202402e+01 
2.405000e+00  0.000000e+00 0.000000e+00  3.451350e+02  2.977219e+01 2.977219e+01 
2.550000e+00  0.000000e+00 0.000000e+00  3.251840e+02  2.823301e+01 2.823301e+01 
2.700000e+00  0.000000e+00 0.000000e+00  2.926160e+02  2.534040e+01 2.534040e+01 
2.860000e+00  0.000000e+00 0.000000e+00  2.642140e+02  2.298028e+01 2.298028e+01 
3.030000e+00  0.000000e+00 0.000000e+00  2.427650e+02  2.110032e+01 2.110032e+01 
3.210000e+00  0.000000e+00 0.000000e+00  2.147440e+02  1.875359e+01 1.875359e+01 
3.395000e+00  0.000000e+00 0.000000e+00  2.049380e+02  1.791488e+01 1.791488e+01 
3.590000e+00  0.000000e+00 0.000000e+00  1.797950e+02  1.577220e+01 1.577220e+01 
3.905000e+00  0.000000e+00 0.000000e+00  1.575150e+02  1.341847e+01 1.341847e+01 
4.355000e+00  0.000000e+00 0.000000e+00  1.309190e+02  1.118670e+01 1.118670e+01 
4.850000e+00  0.000000e+00 0.000000e+00  1.023620e+02  8.794176e+00 8.794176e+00 
5.395000e+00  0.000000e+00 0.000000e+00  8.565300e+01  7.379169e+00 7.379169e+00 
5.990000e+00  0.000000e+00 0.000000e+00  6.800000e+01  5.903654e+00 5.903654e+00 
6.645000e+00  0.000000e+00 0.000000e+00  5.331300e+01  4.648330e+00 4.648330e+00 
7.365000e+00  0.000000e+00 0.000000e+00  4.279400e+01  3.756241e+00 3.756241e+00 
8.155000e+00  0.000000e+00 0.000000e+00  3.357500e+01  2.970883e+00 2.970883e+00 
9.025000e+00  0.000000e+00 0.000000e+00  2.830200e+01  2.487352e+00 2.487352e+00 
9.980000e+00  0.000000e+00 0.000000e+00  2.185000e+01  1.937500e+00 1.937500e+00 
1.102500e+01  0.000000e+00 0.000000e+00  1.721000e+01  1.540696e+00 1.540696e+00 
1.217000e+01  0.000000e+00 0.000000e+00  1.319600e+01  1.190637e+00 1.190637e+00 
1.343000e+01  0.000000e+00 0.000000e+00  1.013500e+01  9.241772e-01 9.241772e-01 
1.481500e+01  0.000000e+00 0.000000e+00  8.236000e+00  7.571538e-01 7.571538e-01 
1.633000e+01  0.000000e+00 0.000000e+00  6.248000e+00  5.835094e-01 5.835094e-01 
1.799000e+01  0.000000e+00 0.000000e+00  4.987000e+00  4.715909e-01 4.715909e-01 
1.981000e+01  0.000000e+00 0.000000e+00  3.903000e+00  3.735169e-01 3.735169e-01 
2.180500e+01  0.000000e+00 0.000000e+00  3.117000e+00  2.988659e-01 2.988659e-01 
2.400000e+01  0.000000e+00 0.000000e+00  2.358000e+00  2.303105e-01 2.303105e-01 
2.640500e+01  0.000000e+00 0.000000e+00  1.751000e+00  1.762554e-01 1.762554e-01 
2.904000e+01  0.000000e+00 0.000000e+00  1.356000e+00  1.389383e-01 1.389383e-01 
3.193000e+01  0.000000e+00 0.000000e+00  1.056000e+00  1.106400e-01 1.106400e-01 
3.509500e+01  0.000000e+00 0.000000e+00  7.480000e-01  8.168941e-02 8.168941e-02 
3.857000e+01  0.000000e+00 0.000000e+00  6.640000e-01  7.291776e-02 7.291776e-02 
4.238000e+01  0.000000e+00 0.000000e+00  5.040000e-01  5.702149e-02 5.702149e-02 
4.655500e+01  0.000000e+00 0.000000e+00  3.640000e-01  4.329030e-02 4.329030e-02 
