# Data from SSDC cosmic rays database www.ssdc.asi.it 
# File generated today 20260804 
# Errors may contain statistic and systematic depending on the options set when drawing the graph 
# Fluxes are multiplied by a power of Energy (or Rigidity) if the option is set when drawing the graph 
# Horizontal errors usually are not uncertanties of the measurement but correspond to binning. See publication. 
#
# GraphTitle: p PAMELA ApJL (2018) 
# XLabel: kinetic energy (GeV) 
# YLabel: flux ((m^{2} s sr GeV)^{-1}) 
#
# Columns: X, XErrorLow, XErrorHigh, Y, YErrorLow, YErrorHigh 
8.850000e-02  0.000000e+00 0.000000e+00  1.919360e+02  4.007761e+01 4.007761e+01 
1.000000e-01  0.000000e+00 0.000000e+00  2.286800e+02  4.936744e+01 4.936744e+01 
1.075000e-01  0.000000e+00 0.000000e+00  2.754940e+02  7.127090e+01 7.127090e+01 
1.150000e-01  0.000000e+00 0.000000e+00  3.130580e+02  5.807892e+01 5.807892e+01 
1.250000e-01  0.000000e+00 0.000000e+00  3.553120e+02  6.010077e+01 6.010077e+01 
1.400000e-01  0.000000e+00 0.000000e+00  3.650670e+02  5.114605e+01 5.114605e+01 
1.550000e-01  0.000000e+00 0.000000e+00  3.502500e+02  6.094858e+01 6.094858e+01 
1.650000e-01  0.000000e+00 0.000000e+00  4.260960e+02  6.786115e+01 6.786115e+01 
1.800000e-01  0.000000e+00 0.000000e+00  4.534370e+02  5.726294e+01 5.726294e+01 
1.999500e-01  0.000000e+00 0.000000e+00  5.133720e+02  6.294142e+01 6.294142e+01 
2.150000e-01  0.000000e+00 0.000000e+00  4.943300e+02  6.202368e+01 6.202368e+01 
2.300000e-01  0.000000e+00 0.000000e+00  5.301180e+02  5.671483e+01 5.671483e+01 
2.500000e-01  0.000000e+00 0.000000e+00  5.281220e+02  5.621173e+01 5.621173e+01 
2.750000e-01  0.000000e+00 0.000000e+00  5.277720e+02  5.297150e+01 5.297150e+01 
3.000000e-01  0.000000e+00 0.000000e+00  5.921030e+02  6.163131e+01 6.163131e+01 
3.250000e-01  0.000000e+00 0.000000e+00  6.070750e+02  5.932183e+01 5.932183e+01 
3.500000e-01  0.000000e+00 0.000000e+00  6.272840e+02  6.456071e+01 6.456071e+01 
3.750000e-01  0.000000e+00 0.000000e+00  5.980930e+02  5.855390e+01 5.855390e+01 
4.100000e-01  0.000000e+00 0.000000e+00  6.519990e+02  6.113919e+01 6.113919e+01 
4.450000e-01  0.000000e+00 0.000000e+00  6.785460e+02  6.560718e+01 6.560718e+01 
4.800000e-01  0.000000e+00 0.000000e+00  6.969090e+02  6.500846e+01 6.500846e+01 
5.200000e-01  0.000000e+00 0.000000e+00  6.458850e+02  6.049695e+01 6.049695e+01 
5.600000e-01  0.000000e+00 0.000000e+00  6.837020e+02  6.387861e+01 6.387861e+01 
6.000000e-01  0.000000e+00 0.000000e+00  6.697610e+02  6.279350e+01 6.279350e+01 
6.450000e-01  0.000000e+00 0.000000e+00  6.953710e+02  6.372767e+01 6.372767e+01 
6.950000e-01  0.000000e+00 0.000000e+00  6.375420e+02  5.882812e+01 5.882812e+01 
7.450000e-01  0.000000e+00 0.000000e+00  6.875510e+02  6.307784e+01 6.307784e+01 
8.000000e-01  0.000000e+00 0.000000e+00  6.583380e+02  5.976967e+01 5.976967e+01 
8.600000e-01  0.000000e+00 0.000000e+00  6.416390e+02  5.841539e+01 5.841539e+01 
9.250000e-01  0.000000e+00 0.000000e+00  6.042690e+02  5.457515e+01 5.457515e+01 
9.900000e-01  0.000000e+00 0.000000e+00  5.801900e+02  5.203107e+01 5.203107e+01 
1.055000e+00  0.000000e+00 0.000000e+00  5.565610e+02  4.965979e+01 4.965979e+01 
1.130000e+00  0.000000e+00 0.000000e+00  5.244560e+02  4.647022e+01 4.647022e+01 
1.210000e+00  0.000000e+00 0.000000e+00  5.239870e+02  4.641494e+01 4.641494e+01 
1.295000e+00  0.000000e+00 0.000000e+00  4.728390e+02  4.187132e+01 4.187132e+01 
1.380000e+00  0.000000e+00 0.000000e+00  4.873540e+02  4.331441e+01 4.331441e+01 
1.470000e+00  0.000000e+00 0.000000e+00  4.495270e+02  3.971978e+01 3.971978e+01 
1.570000e+00  0.000000e+00 0.000000e+00  4.317450e+02  3.825294e+01 3.825294e+01 
1.670000e+00  0.000000e+00 0.000000e+00  4.006830e+02  3.566091e+01 3.566091e+01 
1.775000e+00  0.000000e+00 0.000000e+00  3.785120e+02  3.358752e+01 3.358752e+01 
1.890000e+00  0.000000e+00 0.000000e+00  3.573370e+02  3.163805e+01 3.163805e+01 
2.010000e+00  0.000000e+00 0.000000e+00  3.427310e+02  3.044609e+01 3.044609e+01 
2.135000e+00  0.000000e+00 0.000000e+00  3.170470e+02  2.798708e+01 2.798708e+01 
2.265000e+00  0.000000e+00 0.000000e+00  2.965770e+02  2.631965e+01 2.631965e+01 
2.405000e+00  0.000000e+00 0.000000e+00  2.831290e+02  2.497273e+01 2.497273e+01 
2.550000e+00  0.000000e+00 0.000000e+00  2.742190e+02  2.431631e+01 2.431631e+01 
2.700000e+00  0.000000e+00 0.000000e+00  2.402980e+02  2.127001e+01 2.127001e+01 
2.860000e+00  0.000000e+00 0.000000e+00  2.284620e+02  2.029783e+01 2.029783e+01 
3.030000e+00  0.000000e+00 0.000000e+00  1.985650e+02  1.765268e+01 1.765268e+01 
3.210000e+00  0.000000e+00 0.000000e+00  1.811930e+02  1.618962e+01 1.618962e+01 
3.395000e+00  0.000000e+00 0.000000e+00  1.735340e+02  1.552656e+01 1.552656e+01 
3.590000e+00  0.000000e+00 0.000000e+00  1.576560e+02  1.413619e+01 1.413619e+01 
3.905000e+00  0.000000e+00 0.000000e+00  1.395560e+02  1.205484e+01 1.205484e+01 
4.355000e+00  0.000000e+00 0.000000e+00  1.157460e+02  1.005952e+01 1.005952e+01 
4.850000e+00  0.000000e+00 0.000000e+00  9.205300e+01  8.030198e+00 8.030198e+00 
5.395000e+00  0.000000e+00 0.000000e+00  7.772700e+01  6.814874e+00 6.814874e+00 
5.990000e+00  0.000000e+00 0.000000e+00  6.665600e+01  5.864044e+00 5.864044e+00 
6.645000e+00  0.000000e+00 0.000000e+00  5.048200e+01  4.476582e+00 4.476582e+00 
7.365000e+00  0.000000e+00 0.000000e+00  4.189400e+01  3.733642e+00 3.733642e+00 
8.155000e+00  0.000000e+00 0.000000e+00  3.327600e+01  2.987252e+00 2.987252e+00 
9.025000e+00  0.000000e+00 0.000000e+00  2.726300e+01  2.435613e+00 2.435613e+00 
9.980000e+00  0.000000e+00 0.000000e+00  2.110500e+01  1.903622e+00 1.903622e+00 
1.102500e+01  0.000000e+00 0.000000e+00  1.718000e+01  1.563038e+00 1.563038e+00 
1.217000e+01  0.000000e+00 0.000000e+00  1.333600e+01  1.228048e+00 1.228048e+00 
1.343000e+01  0.000000e+00 0.000000e+00  1.012800e+01  9.425236e-01 9.425236e-01 
1.481500e+01  0.000000e+00 0.000000e+00  7.889000e+00  7.408184e-01 7.408184e-01 
1.633000e+01  0.000000e+00 0.000000e+00  6.374000e+00  6.066249e-01 6.066249e-01 
1.799000e+01  0.000000e+00 0.000000e+00  5.111000e+00  4.942128e-01 4.942128e-01 
1.981000e+01  0.000000e+00 0.000000e+00  3.836000e+00  3.791090e-01 3.791090e-01 
2.180500e+01  0.000000e+00 0.000000e+00  2.837000e+00  2.814689e-01 2.814689e-01 
2.400000e+01  0.000000e+00 0.000000e+00  2.538000e+00  2.524143e-01 2.524143e-01 
2.640500e+01  0.000000e+00 0.000000e+00  1.785000e+00  1.841852e-01 1.841852e-01 
2.904000e+01  0.000000e+00 0.000000e+00  1.497000e+00  1.563466e-01 1.563466e-01 
3.193000e+01  0.000000e+00 0.000000e+00  1.056000e+00  1.156785e-01 1.156785e-01 
3.509500e+01  0.000000e+00 0.000000e+00  8.630000e-01  9.534632e-02 9.534632e-02 
3.857000e+01  0.000000e+00 0.000000e+00  6.150000e-01  7.048723e-02 7.048723e-02 
4.238000e+01  0.000000e+00 0.000000e+00  4.690000e-01  5.618897e-02 5.618897e-02 
4.655500e+01  0.000000e+00 0.000000e+00  3.420000e-01  4.288869e-02 4.288869e-02 
