# Data from SSDC cosmic rays database www.ssdc.asi.it 
# File generated today 20260804 
# Errors may contain statistic and systematic depending on the options set when drawing the graph 
# Fluxes are multiplied by a power of Energy (or Rigidity) if the option is set when drawing the graph 
# Horizontal errors usually are not uncertanties of the measurement but correspond to binning. See publication. 
#
# GraphTitle: p PAMELA ApJL (2018) 
# XLabel: kinetic energy (GeV) 
# YLabel: flux ((m^{2} s sr GeV)^{-1}) 
#
# Columns: X, XErrorLow, XErrorHigh, Y, YErrorLow, YErrorHigh 
8.850000e-02  0.000000e+00 0.000000e+00  6.890570e+02  1.103883e+02 1.103883e+02 
1.000000e-01  0.000000e+00 0.000000e+00  7.422760e+02  1.257256e+02 1.257256e+02 
1.075000e-01  0.000000e+00 0.000000e+00  7.996840e+02  1.691174e+02 1.691174e+02 
1.150000e-01  0.000000e+00 0.000000e+00  7.265870e+02  1.208951e+02 1.208951e+02 
1.250000e-01  0.000000e+00 0.000000e+00  8.050380e+02  1.221606e+02 1.221606e+02 
1.400000e-01  0.000000e+00 0.000000e+00  8.924000e+02  1.121341e+02 1.121341e+02 
1.550000e-01  0.000000e+00 0.000000e+00  9.830840e+02  1.449790e+02 1.449790e+02 
1.650000e-01  0.000000e+00 0.000000e+00  1.075200e+03  1.534536e+02 1.534536e+02 
1.800000e-01  0.000000e+00 0.000000e+00  1.116790e+03  1.299351e+02 1.299351e+02 
1.999500e-01  0.000000e+00 0.000000e+00  1.166170e+03  1.336940e+02 1.336940e+02 
2.150000e-01  0.000000e+00 0.000000e+00  1.132080e+03  1.347715e+02 1.347715e+02 
2.300000e-01  0.000000e+00 0.000000e+00  1.185160e+03  1.223322e+02 1.223322e+02 
2.500000e-01  0.000000e+00 0.000000e+00  1.150440e+03  1.184419e+02 1.184419e+02 
2.750000e-01  0.000000e+00 0.000000e+00  1.209950e+03  1.170816e+02 1.170816e+02 
3.000000e-01  0.000000e+00 0.000000e+00  1.257790e+03  1.277105e+02 1.277105e+02 
3.250000e-01  0.000000e+00 0.000000e+00  1.181740e+03  1.144873e+02 1.144873e+02 
3.500000e-01  0.000000e+00 0.000000e+00  1.290770e+03  1.304738e+02 1.304738e+02 
3.750000e-01  0.000000e+00 0.000000e+00  1.283650e+03  1.228270e+02 1.228270e+02 
4.100000e-01  0.000000e+00 0.000000e+00  1.217970e+03  1.132594e+02 1.132594e+02 
4.450000e-01  0.000000e+00 0.000000e+00  1.193950e+03  1.150636e+02 1.150636e+02 
4.800000e-01  0.000000e+00 0.000000e+00  1.268150e+03  1.175647e+02 1.175647e+02 
5.200000e-01  0.000000e+00 0.000000e+00  1.244210e+03  1.158467e+02 1.158467e+02 
5.600000e-01  0.000000e+00 0.000000e+00  1.250530e+03  1.162093e+02 1.162093e+02 
6.000000e-01  0.000000e+00 0.000000e+00  1.128570e+03  1.059494e+02 1.059494e+02 
6.450000e-01  0.000000e+00 0.000000e+00  1.107970e+03  1.018917e+02 1.018917e+02 
6.950000e-01  0.000000e+00 0.000000e+00  1.112250e+03  1.026124e+02 1.026124e+02 
7.450000e-01  0.000000e+00 0.000000e+00  1.051750e+03  9.753334e+01 9.753334e+01 
8.000000e-01  0.000000e+00 0.000000e+00  1.006310e+03  9.198117e+01 9.198117e+01 
8.600000e-01  0.000000e+00 0.000000e+00  1.013090e+03  9.272562e+01 9.272562e+01 
9.250000e-01  0.000000e+00 0.000000e+00  9.730920e+02  8.823328e+01 8.823328e+01 
9.900000e-01  0.000000e+00 0.000000e+00  8.737090e+02  7.900831e+01 7.900831e+01 
1.055000e+00  0.000000e+00 0.000000e+00  8.150900e+02  7.303658e+01 7.303658e+01 
1.130000e+00  0.000000e+00 0.000000e+00  7.892190e+02  7.028175e+01 7.028175e+01 
1.210000e+00  0.000000e+00 0.000000e+00  7.515520e+02  6.717301e+01 6.717301e+01 
1.295000e+00  0.000000e+00 0.000000e+00  7.072890e+02  6.303782e+01 6.303782e+01 
1.380000e+00  0.000000e+00 0.000000e+00  6.558570e+02  5.923015e+01 5.923015e+01 
1.470000e+00  0.000000e+00 0.000000e+00  6.240870e+02  5.566823e+01 5.566823e+01 
1.570000e+00  0.000000e+00 0.000000e+00  5.787630e+02  5.201691e+01 5.201691e+01 
1.670000e+00  0.000000e+00 0.000000e+00  5.431690e+02  4.895771e+01 4.895771e+01 
1.775000e+00  0.000000e+00 0.000000e+00  4.877180e+02  4.410477e+01 4.410477e+01 
1.890000e+00  0.000000e+00 0.000000e+00  4.530340e+02  4.087199e+01 4.087199e+01 
2.010000e+00  0.000000e+00 0.000000e+00  4.390980e+02  3.974537e+01 3.974537e+01 
2.135000e+00  0.000000e+00 0.000000e+00  4.026150e+02  3.609868e+01 3.609868e+01 
2.265000e+00  0.000000e+00 0.000000e+00  3.532290e+02  3.199043e+01 3.199043e+01 
2.405000e+00  0.000000e+00 0.000000e+00  3.193590e+02  2.878143e+01 2.878143e+01 
2.550000e+00  0.000000e+00 0.000000e+00  3.102580e+02  2.821349e+01 2.821349e+01 
2.700000e+00  0.000000e+00 0.000000e+00  2.873450e+02  2.601882e+01 2.601882e+01 
2.860000e+00  0.000000e+00 0.000000e+00  2.463890e+02  2.251972e+01 2.251972e+01 
3.030000e+00  0.000000e+00 0.000000e+00  2.353770e+02  2.141023e+01 2.141023e+01 
3.210000e+00  0.000000e+00 0.000000e+00  2.206570e+02  2.018040e+01 2.018040e+01 
3.395000e+00  0.000000e+00 0.000000e+00  1.929660e+02  1.772921e+01 1.772921e+01 
3.590000e+00  0.000000e+00 0.000000e+00  1.825210e+02  1.679214e+01 1.679214e+01 
3.905000e+00  0.000000e+00 0.000000e+00  1.473240e+02  1.300779e+01 1.300779e+01 
4.355000e+00  0.000000e+00 0.000000e+00  1.254980e+02  1.113040e+01 1.113040e+01 
4.850000e+00  0.000000e+00 0.000000e+00  1.009860e+02  9.014917e+00 9.014917e+00 
5.395000e+00  0.000000e+00 0.000000e+00  8.429200e+01  7.592928e+00 7.592928e+00 
5.990000e+00  0.000000e+00 0.000000e+00  6.948500e+01  6.287434e+00 6.287434e+00 
6.645000e+00  0.000000e+00 0.000000e+00  5.371500e+01  4.916197e+00 4.916197e+00 
7.365000e+00  0.000000e+00 0.000000e+00  4.303600e+01  3.980210e+00 3.980210e+00 
8.155000e+00  0.000000e+00 0.000000e+00  3.440400e+01  3.207080e+00 3.207080e+00 
9.025000e+00  0.000000e+00 0.000000e+00  2.617900e+01  2.432835e+00 2.432835e+00 
9.980000e+00  0.000000e+00 0.000000e+00  2.128900e+01  1.990740e+00 1.990740e+00 
1.102500e+01  0.000000e+00 0.000000e+00  1.679800e+01  1.587126e+00 1.587126e+00 
1.217000e+01  0.000000e+00 0.000000e+00  1.343100e+01  1.292441e+00 1.292441e+00 
1.343000e+01  0.000000e+00 0.000000e+00  1.110900e+01  1.078897e+00 1.078897e+00 
1.481500e+01  0.000000e+00 0.000000e+00  7.946000e+00  7.900797e-01 7.900797e-01 
1.633000e+01  0.000000e+00 0.000000e+00  6.551000e+00  6.585363e-01 6.585363e-01 
1.799000e+01  0.000000e+00 0.000000e+00  4.507000e+00  4.688587e-01 4.688587e-01 
1.981000e+01  0.000000e+00 0.000000e+00  3.926000e+00  4.143494e-01 4.143494e-01 
2.180500e+01  0.000000e+00 0.000000e+00  3.171000e+00  3.314810e-01 3.314810e-01 
2.400000e+01  0.000000e+00 0.000000e+00  2.353000e+00  2.539293e-01 2.539293e-01 
2.640500e+01  0.000000e+00 0.000000e+00  1.783000e+00  1.990136e-01 1.990136e-01 
2.904000e+01  0.000000e+00 0.000000e+00  1.415000e+00  1.622129e-01 1.622129e-01 
3.193000e+01  0.000000e+00 0.000000e+00  1.211000e+00  1.413150e-01 1.413150e-01 
3.509500e+01  0.000000e+00 0.000000e+00  8.480000e-01  1.042701e-01 1.042701e-01 
3.857000e+01  0.000000e+00 0.000000e+00  6.860000e-01  8.620238e-02 8.620238e-02 
4.238000e+01  0.000000e+00 0.000000e+00  4.580000e-01  6.316011e-02 6.316011e-02 
4.655500e+01  0.000000e+00 0.000000e+00  3.740000e-01  5.336900e-02 5.336900e-02 
