# Data from SSDC cosmic rays database www.ssdc.asi.it 
# File generated today 20260804 
# Errors may contain statistic and systematic depending on the options set when drawing the graph 
# Fluxes are multiplied by a power of Energy (or Rigidity) if the option is set when drawing the graph 
# Horizontal errors usually are not uncertanties of the measurement but correspond to binning. See publication. 
#
# GraphTitle: p PAMELA ApJL (2018) 
# XLabel: kinetic energy (GeV) 
# YLabel: flux ((m^{2} s sr GeV)^{-1}) 
#
# Columns: X, XErrorLow, XErrorHigh, Y, YErrorLow, YErrorHigh 
8.850000e-02  0.000000e+00 0.000000e+00  2.673090e+02  4.972814e+01 4.972814e+01 
1.000000e-01  0.000000e+00 0.000000e+00  3.498710e+02  6.359454e+01 6.359454e+01 
1.075000e-01  0.000000e+00 0.000000e+00  2.280770e+02  6.277701e+01 6.277701e+01 
1.150000e-01  0.000000e+00 0.000000e+00  3.208320e+02  5.878871e+01 5.878871e+01 
1.250000e-01  0.000000e+00 0.000000e+00  2.942850e+02  5.287412e+01 5.287412e+01 
1.400000e-01  0.000000e+00 0.000000e+00  3.538590e+02  4.868105e+01 4.868105e+01 
1.550000e-01  0.000000e+00 0.000000e+00  3.525400e+02  5.990282e+01 5.990282e+01 
1.650000e-01  0.000000e+00 0.000000e+00  3.886520e+02  6.355949e+01 6.355949e+01 
1.800000e-01  0.000000e+00 0.000000e+00  4.326630e+02  5.531044e+01 5.531044e+01 
1.999500e-01  0.000000e+00 0.000000e+00  4.537390e+02  5.741360e+01 5.741360e+01 
2.150000e-01  0.000000e+00 0.000000e+00  4.844670e+02  6.063569e+01 6.063569e+01 
2.300000e-01  0.000000e+00 0.000000e+00  4.488210e+02  4.918772e+01 4.918772e+01 
2.500000e-01  0.000000e+00 0.000000e+00  5.149060e+02  5.516014e+01 5.516014e+01 
2.750000e-01  0.000000e+00 0.000000e+00  5.202680e+02  5.165420e+01 5.165420e+01 
3.000000e-01  0.000000e+00 0.000000e+00  5.735460e+02  5.928035e+01 5.928035e+01 
3.250000e-01  0.000000e+00 0.000000e+00  5.529760e+02  5.426584e+01 5.426584e+01 
3.500000e-01  0.000000e+00 0.000000e+00  5.897370e+02  6.071657e+01 6.071657e+01 
3.750000e-01  0.000000e+00 0.000000e+00  5.572600e+02  5.465385e+01 5.465385e+01 
4.100000e-01  0.000000e+00 0.000000e+00  5.747650e+02  5.406201e+01 5.406201e+01 
4.450000e-01  0.000000e+00 0.000000e+00  6.371950e+02  6.141422e+01 6.141422e+01 
4.800000e-01  0.000000e+00 0.000000e+00  6.363190e+02  5.940891e+01 5.940891e+01 
5.200000e-01  0.000000e+00 0.000000e+00  6.152250e+02  5.763044e+01 5.763044e+01 
5.600000e-01  0.000000e+00 0.000000e+00  6.094680e+02  5.704301e+01 5.704301e+01 
6.000000e-01  0.000000e+00 0.000000e+00  6.274430e+02  5.866413e+01 5.866413e+01 
6.450000e-01  0.000000e+00 0.000000e+00  5.610960e+02  5.200627e+01 5.200627e+01 
6.950000e-01  0.000000e+00 0.000000e+00  6.142260e+02  5.633650e+01 5.633650e+01 
7.450000e-01  0.000000e+00 0.000000e+00  6.234150e+02  5.731445e+01 5.731445e+01 
8.000000e-01  0.000000e+00 0.000000e+00  5.912210e+02  5.371303e+01 5.371303e+01 
8.600000e-01  0.000000e+00 0.000000e+00  5.971680e+02  5.432744e+01 5.432744e+01 
9.250000e-01  0.000000e+00 0.000000e+00  5.787860e+02  5.204736e+01 5.204736e+01 
9.900000e-01  0.000000e+00 0.000000e+00  5.579890e+02  4.986106e+01 4.986106e+01 
1.055000e+00  0.000000e+00 0.000000e+00  5.326000e+02  4.726865e+01 4.726865e+01 
1.130000e+00  0.000000e+00 0.000000e+00  5.232490e+02  4.615997e+01 4.615997e+01 
1.210000e+00  0.000000e+00 0.000000e+00  4.973240e+02  4.402334e+01 4.402334e+01 
1.295000e+00  0.000000e+00 0.000000e+00  4.948390e+02  4.349858e+01 4.349858e+01 
1.380000e+00  0.000000e+00 0.000000e+00  4.600420e+02  4.089153e+01 4.089153e+01 
1.470000e+00  0.000000e+00 0.000000e+00  4.395940e+02  3.867054e+01 3.867054e+01 
1.570000e+00  0.000000e+00 0.000000e+00  4.188330e+02  3.696985e+01 3.696985e+01 
1.670000e+00  0.000000e+00 0.000000e+00  3.808290e+02  3.377995e+01 3.377995e+01 
1.775000e+00  0.000000e+00 0.000000e+00  3.773300e+02  3.330751e+01 3.330751e+01 
1.890000e+00  0.000000e+00 0.000000e+00  3.591210e+02  3.168086e+01 3.168086e+01 
2.010000e+00  0.000000e+00 0.000000e+00  3.273810e+02  2.899253e+01 2.899253e+01 
2.135000e+00  0.000000e+00 0.000000e+00  3.102090e+02  2.729795e+01 2.729795e+01 
2.265000e+00  0.000000e+00 0.000000e+00  2.973430e+02  2.621657e+01 2.621657e+01 
2.405000e+00  0.000000e+00 0.000000e+00  2.686150e+02  2.365338e+01 2.365338e+01 
2.550000e+00  0.000000e+00 0.000000e+00  2.503250e+02  2.219703e+01 2.219703e+01 
2.700000e+00  0.000000e+00 0.000000e+00  2.325740e+02  2.054417e+01 2.054417e+01 
2.860000e+00  0.000000e+00 0.000000e+00  2.243590e+02  1.988541e+01 1.988541e+01 
3.030000e+00  0.000000e+00 0.000000e+00  1.957370e+02  1.732828e+01 1.732828e+01 
3.210000e+00  0.000000e+00 0.000000e+00  1.770800e+02  1.577229e+01 1.577229e+01 
3.395000e+00  0.000000e+00 0.000000e+00  1.704590e+02  1.516136e+01 1.516136e+01 
3.590000e+00  0.000000e+00 0.000000e+00  1.535480e+02  1.372143e+01 1.372143e+01 
3.905000e+00  0.000000e+00 0.000000e+00  1.357990e+02  1.171904e+01 1.171904e+01 
4.355000e+00  0.000000e+00 0.000000e+00  1.149370e+02  9.944034e+00 9.944034e+00 
4.850000e+00  0.000000e+00 0.000000e+00  9.268600e+01  8.057079e+00 8.057079e+00 
5.395000e+00  0.000000e+00 0.000000e+00  7.938100e+01  6.927401e+00 6.927401e+00 
5.990000e+00  0.000000e+00 0.000000e+00  6.128400e+01  5.396048e+00 5.396048e+00 
6.645000e+00  0.000000e+00 0.000000e+00  5.100300e+01  4.506837e+00 4.506837e+00 
7.365000e+00  0.000000e+00 0.000000e+00  4.240300e+01  3.766279e+00 3.766279e+00 
8.155000e+00  0.000000e+00 0.000000e+00  3.137400e+01  2.816112e+00 2.816112e+00 
9.025000e+00  0.000000e+00 0.000000e+00  2.602200e+01  2.322360e+00 2.322360e+00 
9.980000e+00  0.000000e+00 0.000000e+00  2.100500e+01  1.883958e+00 1.883958e+00 
1.102500e+01  0.000000e+00 0.000000e+00  1.636700e+01  1.485275e+00 1.485275e+00 
1.217000e+01  0.000000e+00 0.000000e+00  1.333900e+01  1.218120e+00 1.218120e+00 
1.343000e+01  0.000000e+00 0.000000e+00  1.017900e+01  9.407893e-01 9.407893e-01 
1.481500e+01  0.000000e+00 0.000000e+00  7.829000e+00  7.311980e-01 7.311980e-01 
1.633000e+01  0.000000e+00 0.000000e+00  6.318000e+00  5.980819e-01 5.980819e-01 
1.799000e+01  0.000000e+00 0.000000e+00  4.892000e+00  4.696468e-01 4.696468e-01 
1.981000e+01  0.000000e+00 0.000000e+00  3.990000e+00  3.890448e-01 3.890448e-01 
2.180500e+01  0.000000e+00 0.000000e+00  3.136000e+00  3.051355e-01 3.051355e-01 
2.400000e+01  0.000000e+00 0.000000e+00  2.216000e+00  2.220878e-01 2.220878e-01 
2.640500e+01  0.000000e+00 0.000000e+00  1.776000e+00  1.820929e-01 1.820929e-01 
2.904000e+01  0.000000e+00 0.000000e+00  1.336000e+00  1.396625e-01 1.396625e-01 
3.193000e+01  0.000000e+00 0.000000e+00  1.067000e+00  1.140888e-01 1.140888e-01 
3.509500e+01  0.000000e+00 0.000000e+00  8.410000e-01  9.284724e-02 9.284724e-02 
3.857000e+01  0.000000e+00 0.000000e+00  6.540000e-01  7.397628e-02 7.397628e-02 
4.238000e+01  0.000000e+00 0.000000e+00  4.440000e-01  5.344698e-02 5.344698e-02 
4.655500e+01  0.000000e+00 0.000000e+00  4.130000e-01  4.910611e-02 4.910611e-02 
